19120,1,-0.025,0.947,99.239,29.49,-28.131596,149.698624
GYRO: 19658,1,0.777,-31.670,0.222
19672,1,0.020,0.938,99.239,29.49,-28.131596,149.698624
GYRO: 19700,1,-0.216,10.268,0.207
20173,1,-0.129,0.948,99.239,29.50,-28.131590,149.698624
GYRO: 20196,1,0.120,9.978,-0.068
20674,1,0.285,0.944,99.239,29.50,-28.131590,149.698624
GYRO: 20697,1,0.181,9.673,-0.053
21175,1,-0.121,0.937,99.237,29.51,-28.131588,149.698624
GYRO: 21198,1,0.380,-17.060,-0.099
21677,1,-0.140,0.948,99.241,29.52,-28.131588,149.698624
GYRO: 21705,1,0.609,-4.938,0.176
22179,1,-0.070,0.949,99.237,29.51,-28.131590,149.698608
GYRO: 22202,1,0.242,-1.289,-0.374
22680,1,0.042,0.950,99.237,29.50,-28.131590,149.698608
GYRO: 22703,1,-0.200,10.253,-0.160
23181,1,0.107,0.949,99.239,29.52,-28.131588,149.698608
GYRO: 23204,1,0.075,6.467,-0.267
23682,1,0.159,0.951,99.236,29.52,-28.131588,149.698608
GYRO: 23705,1,-0.261,19.093,-0.190
24184,1,0.280,0.949,99.234,29.51,-28.131590,149.698608
GYRO: 24207,1,-0.307,32.833,0.268
24686,1,0.443,0.945,99.237,29.52,-28.131590,149.698608
GYRO: 24714,1,-0.048,7.307,-0.480
25188,1,0.030,0.947,99.239,29.51,-28.131592,149.698593
GYRO: 25211,1,-0.735,63.765,-0.786
25689,1,-0.029,0.946,99.237,29.52,-28.131592,149.698593
GYRO: 25712,1,-0.216,-17.228,0.161
26191,1,0.019,0.929,99.240,29.52,-28.131592,149.698593
GYRO: 26214,1,-1.299,91.704,-0.022
26693,1,0.298,0.961,99.234,29.52,-28.131592,149.698593
GYRO: 26716,1,0.181,14.314,-0.587
27195,1,0.323,0.941,99.238,29.53,-28.131596,149.698593
GYRO: 27218,1,-0.338,10.528,0.237
27697,1,0.207,0.940,99.236,29.54,-28.131596,149.698593
GYRO: 27720,1,-0.200,34.726,-0.480
28199,1,0.326,0.939,99.237,29.54,-28.131596,149.698608
GYRO: 28222,1,0.197,3.963,0.191
28700,1,0.484,0.943,99.237,29.55,-28.131596,149.698608
GYRO: 28726,1,0.090,-13.151,0.451
29202,1,0.735,0.941,99.234,29.54,-28.131594,149.698608
GYRO: 29225,1,0.410,-19.319,0.008
29703,1,0.761,0.945,99.236,29.55,-28.131594,149.698608
GYRO: 29726,1,-0.429,27.261,-0.267
30205,1,0.767,0.941,99.232,29.55,-28.131594,149.698608
GYRO: 30234,1,-2.185,115.841,-0.847
30708,1,1.132,0.971,99.231,29.56,-28.131594,149.698608
GYRO: 30731,1,0.502,-6.525,-0.114
31210,1,0.594,0.939,99.232,29.55,-28.131590,149.698608
GYRO: 31233,1,-0.399,40.528,-0.313
31712,1,0.136,0.968,99.240,29.56,-28.131590,149.698608
GYRO: 31735,1,-0.567,42.345,-0.572
32214,1,-0.109,0.943,99.241,29.57,-28.131586,149.698608
GYRO: 32237,1,-0.002,3.215,-0.404
32715,1,-0.407,1.004,99.238,29.57,-28.131586,149.698608
GYRO: 32738,1,-0.200,11.795,0.100
33216,1,0.252,0.942,99.235,29.56,-28.131584,149.698608
GYRO: 33239,1,-0.353,15.856,-0.374
33717,1,0.780,0.989,99.238,29.55,-28.131584,149.698608
GYRO: 33740,1,-0.353,7.856,-0.053
34219,1,0.631,0.941,99.234,29.54,-28.131580,149.698608
GYRO: 34242,1,-0.078,5.078,0.039
34720,1,0.320,1.000,99.232,29.54,-28.131580,149.698608
GYRO: 34743,1,-0.185,10.849,-0.038
35222,1,0.669,0.942,99.233,29.52,-28.131577,149.698608
GYRO: 35248,1,-0.078,8.253,-0.099
35725,1,0.512,1.001,99.239,29.53,-28.131577,149.698608
GYRO: 35758,1,-0.246,6.681,0.069
36226,1,0.292,0.938,99.232,29.51,-28.131577,149.698608
GYRO: 36252,1,-0.154,6.910,-0.145
36729,1,0.360,0.995,99.235,29.53,-28.131577,149.698608
GYRO: 36755,1,0.120,6.849,-0.084
37231,1,0.618,0.940,99.235,29.52,-28.131577,149.698608
GYRO: 37257,1,-0.231,7.215,0.313
37733,1,0.513,0.998,99.237,29.51,-28.131577,149.698608
GYRO: 37759,1,0.136,10.452,-0.053
38235,1,0.446,0.939,99.236,29.50,-28.131577,149.698608
GYRO: 38261,1,-0.185,7.337,-0.022
38737,1,0.598,0.978,99.235,29.50,-28.131577,149.698608
GYRO: 38769,1,0.181,13.841,-0.084
39239,1,0.480,0.940,99.231,29.47,-28.131577,149.698608
GYRO: 39265,1,0.075,9.459,-0.007
39742,1,0.674,0.994,99.234,29.49,-28.131577,149.698608
GYRO: 39768,1,0.044,5.139,-0.160
40244,1,0.657,0.937,99.236,29.49,-28.131577,149.698608
GYRO: 40270,1,-0.154,7.841,-0.053
40746,1,0.541,1.005,99.234,29.48,-28.131577,149.698608
GYRO: 40772,1,0.304,7.963,-0.114
41248,1,0.660,0.938,99.230,29.48,-28.131577,149.698608
GYRO: 41274,1,-0.322,7.780,0.436
41750,1,0.761,0.982,99.234,29.48,-28.131577,149.698608
GYRO: 41776,1,-0.231,7.154,-0.145
42252,1,0.935,0.939,99.232,29.48,-28.131577,149.698624
GYRO: 42278,1,-0.017,8.406,0.145
42755,1,0.834,0.982,99.235,29.48,-28.131577,149.698624
GYRO: 42781,1,-0.216,2.559,0.054
43258,1,0.677,0.941,99.237,29.49,-28.131580,149.698624
GYRO: 43284,1,0.242,9.826,-0.236
43759,1,1.354,0.987,99.222,29.48,-28.131580,149.698624
GYRO: 43785,1,-0.429,-5.121,0.161
44262,1,1.490,0.936,99.226,29.46,-28.131580,149.698624
GYRO: 44300,1,0.319,9.673,-0.206
44764,1,1.095,0.979,99.231,29.47,-28.131580,149.698624
GYRO: 44790,1,-0.383,6.284,0.039
45267,1,1.264,0.940,99.221,29.45,-28.131580,149.698624
GYRO: 45293,1,-0.597,10.421,0.222
45769,1,1.374,0.999,99.220,29.47,-28.131580,149.698624
GYRO: 45795,1,-0.643,25.917,-0.129
46272,1,1.887,0.931,99.226,29.47,-28.131580,149.698624
GYRO: 46298,1,0.242,-0.617,-0.038
46774,1,1.724,0.983,99.229,29.48,-28.131580,149.698624
GYRO: 46800,1,-0.628,1.612,0.329
47276,1,1.380,0.938,99.230,29.47,-28.131584,149.698624
GYRO: 47309,1,-0.368,18.299,-0.236
47778,1,1.283,0.988,99.227,29.48,-28.131584,149.698624
GYRO: 47804,1,-0.124,5.536,-0.053
48280,1,1.506,0.939,99.227,29.48,-28.131586,149.698624
GYRO: 48306,1,-0.307,49.459,-0.801
48782,1,1.646,0.996,99.226,29.48,-28.131586,149.698624
GYRO: 48808,1,-0.887,36.833,0.268
49283,1,1.673,0.936,99.226,29.49,-28.131588,149.698624
GYRO: 49309,1,-0.383,9.062,0.741
49784,1,1.632,0.994,99.224,29.49,-28.131588,149.698624
GYRO: 49810,1,0.044,8.482,-0.145
50285,1,1.718,0.943,99.226,29.51,-28.131588,149.698624
GYRO: 50318,1,0.242,-1.976,-0.251
50787,1,1.884,0.984,99.224,29.51,-28.131588,149.698624
GYRO: 50912,1,-0.139,55.200,-0.664
51288,1,1.839,0.945,99.223,29.51,-28.131588,149.698624
GYRO: 51311,1,-0.567,37.994,-0.160
51790,1,1.830,1.001,99.224,29.51,-28.131588,149.698624
GYRO: 51813,1,-0.017,3.184,0.008
52291,1,1.542,0.948,99.226,29.52,-28.131588,149.698624
GYRO: 52314,1,-0.032,7.963,-0.313
52793,1,1.134,1.011,99.231,29.53,-28.131588,149.698624
GYRO: 52821,1,-0.261,0.833,-0.358
53294,1,1.155,0.955,99.228,29.50,-28.131584,149.698624
GYRO: 53316,1,20.716,-31.976,-7.763
53795,1,1.148,1.003,99.231,29.53,-28.131584,149.698624
GYRO: 53818,1,3.708,-39.793,-0.480
54296,1,1.055,0.949,99.226,29.52,-28.131584,149.698624
GYRO: 54319,1,0.410,13.246,-1.351
54798,1,1.110,0.992,99.233,29.53,-28.131584,149.698624
GYRO: 54821,1,-0.567,8.391,-0.267
55300,1,0.909,0.954,99.233,29.54,-28.131584,149.698624
GYRO: 55323,1,-0.231,24.559,-0.160
55802,1,0.891,1.003,99.231,29.55,-28.131584,149.698624
GYRO: 55829,1,-0.017,18.284,-0.053
56303,1,0.896,0.959,99.233,29.55,-28.131584,149.698624
GYRO: 56326,1,-0.994,96.177,-0.725
56804,1,1.033,1.018,99.230,29.56,-28.131584,149.698624
GYRO: 56827,1,-0.429,25.536,-0.175
57306,1,1.239,1.003,99.227,29.56,-28.131584,149.698624
GYRO: 57328,1,0.304,3.337,0.222
57808,1,1.475,1.035,99.225,29.57,-28.131584,149.698624
GYRO: 57830,1,0.365,-15.961,-0.007
58308,1,1.800,0.994,99.228,29.58,-28.131588,149.698624
GYRO: 58331,1,-0.353,-34.617,0.787
58809,1,2.188,1.013,99.218,29.58,-28.131588,149.698624
GYRO: 58832,1,-0.292,-13.640,0.252
59311,1,2.724,0.968,99.216,29.58,-28.131588,149.698624
GYRO: 59334,1,-1.177,24.406,0.268
59814,1,2.911,1.000,99.217,29.58,-28.131588,149.698624
GYRO: 59836,1,-0.872,4.818,0.649
60315,1,3.312,0.990,99.216,29.59,-28.131590,149.698624
GYRO: 60338,1,-0.445,7.505,-0.084
60817,1,4.706,1.021,99.178,29.59,-28.131590,149.698624
GYRO: 60839,1,0.151,-18.113,0.726
61318,1,7.747,0.981,99.189,29.60,-28.131588,149.698624
GYRO: 61345,1,-0.261,13.520,-0.465
61819,1,8.648,0.966,99.171,29.59,-28.131588,149.698624
GYRO: 61841,1,0.960,5.291,1.000
62320,1,8.966,0.960,99.186,29.61,-28.131588,149.698624
GYRO: 62343,1,-3.040,8.665,2.588
62821,1,9.202,1.000,99.162,29.62,-28.131588,149.698624
GYRO: 62843,1,-0.246,-28.663,-0.343
63323,1,6.962,0.942,99.207,29.64,-28.131582,149.698624
GYRO: 63345,1,-0.032,-47.640,0.558
63824,1,3.554,0.989,99.221,29.64,-28.131582,149.698624
GYRO: 63846,1,0.120,4.406,-0.084
64325,1,2.083,0.941,99.224,29.64,-28.131577,149.698624
GYRO: 64348,1,-0.277,32.589,-0.389
64827,1,1.502,1.007,99.226,29.65,-28.131577,149.698624
GYRO: 64850,1,0.120,5.871,-0.297
65329,1,1.186,0.940,99.233,29.68,-28.131577,149.698624
GYRO: 65351,1,-0.170,7.673,-0.160
65831,1,1.124,1.001,99.232,29.68,-28.131577,149.698624
GYRO: 65853,1,0.380,1.887,-0.618
66332,1,0.533,0.939,99.235,29.70,-28.131577,149.698624
GYRO: 66354,1,-0.109,1.627,0.084
66834,1,0.891,0.985,99.236,29.70,-28.131577,149.698624
GYRO: 66861,1,-0.292,4.559,0.268
67335,1,0.785,0.943,99.230,29.70,-28.131578,149.698624
GYRO: 67358,1,0.151,6.925,-0.190
67836,1,1.040,0.999,99.231,29.71,-28.131578,149.698624
GYRO: 67859,1,0.090,6.604,-0.007
68337,1,0.814,0.943,99.235,29.71,-28.131578,149.698624
GYRO: 68360,1,0.136,9.475,-0.190
68838,1,0.631,0.985,99.236,29.70,-28.131578,149.698624
GYRO: 68861,1,-0.063,3.322,-0.129
69340,1,0.613,0.943,99.235,29.70,-28.131584,149.698639
GYRO: 69363,1,0.013,3.368,-0.236
69841,1,0.694,0.997,99.234,29.69,-28.131584,149.698639
GYRO: 69869,1,-0.032,2.360,0.207
70343,1,0.508,0.946,99.236,29.69,-28.131582,149.698639
GYRO: 70365,1,-0.093,6.925,0.069
70845,1,0.452,0.985,99.237,29.69,-28.131582,149.698639
GYRO: 70868,1,-0.231,9.490,0.100
71347,1,0.332,0.943,99.234,29.68,-28.131584,149.698639
GYRO: 71369,1,-0.109,7.856,-0.038
71849,1,0.489,0.981,99.237,29.68,-28.131584,149.698639
GYRO: 71872,1,0.044,7.001,0.176
72350,1,0.566,0.947,99.233,29.68,-28.131580,149.698639
GYRO: 72372,1,-0.017,9.276,-0.099
72852,1,0.457,1.004,99.233,29.68,-28.131580,149.698639
GYRO: 72875,1,-0.200,6.742,-0.221
73354,1,0.800,0.944,99.235,29.69,-28.131582,149.698639
GYRO: 73376,1,0.059,8.833,0.145
73854,1,0.781,0.992,99.233,29.68,-28.131582,149.698639
GYRO: 73877,1,0.105,11.123,-0.114
74356,1,0.406,0.950,99.234,29.68,-28.131584,149.698639
GYRO: 74379,1,-0.078,8.497,-0.236
74858,1,0.490,0.989,99.235,29.66,-28.131584,149.698639
GYRO: 74884,1,-0.246,5.184,-0.129
75361,1,0.380,0.946,99.233,29.65,-28.131584,149.698639
GYRO: 75389,1,-0.231,7.612,0.115
75864,1,-0.103,1.004,99.244,29.65,-28.131584,149.698639
GYRO: 75887,1,0.319,-3.258,-0.099
76366,1,0.467,0.945,99.235,29.63,-28.131584,149.698639
GYRO: 76389,1,0.120,3.062,-0.053
76867,1,-0.199,0.988,99.242,29.62,-28.131584,149.698639
GYRO: 76890,1,-0.063,-12.358,0.573
77369,1,-0.128,0.941,99.242,29.60,-28.131584,149.698639
GYRO: 77392,1,0.120,-1.609,-0.053
77870,1,-0.200,0.985,99.236,29.60,-28.131584,149.698639
GYRO: 77893,1,0.746,-38.281,0.069
78372,1,0.618,0.929,99.226,29.59,-28.131588,149.698639
GYRO: 78399,1,1.220,-99.930,-9.091
78874,1,0.556,0.979,99.233,29.59,-28.131588,149.698639
GYRO: 78897,1,-0.460,19.459,0.191
79376,1,0.588,1.008,99.236,29.59,-28.131588,149.698639
GYRO: 79399,1,14.884,255.597,-31.977
79878,1,-0.418,0.976,99.240,29.58,-28.131588,149.698639
GYRO: 79901,1,-3.009,154.589,-1.045
80380,1,-0.313,0.959,99.244,29.58,-28.131588,149.698639
GYRO: 80403,1,-0.017,6.864,-0.022
80882,1,-0.670,0.995,99.241,29.57,-28.131588,149.698639
GYRO: 80905,1,0.044,-2.083,0.481
81383,1,-0.438,0.950,99.241,29.57,-28.131590,149.698639
GYRO: 81406,1,-0.857,39.658,-0.297
81885,1,-0.126,0.999,99.240,29.57,-28.131590,149.698639
GYRO: 81908,1,-0.063,11.994,0.054
82386,1,-0.110,0.952,99.238,29.57,-28.131592,149.698654
GYRO: 82409,1,-0.154,24.650,-0.236
82888,1,0.327,0.997,99.240,29.58,-28.131592,149.698654
GYRO: 82911,1,-0.002,-0.831,0.054
83389,1,-0.093,0.958,99.240,29.59,-28.131592,149.698654
GYRO: 83412,1,0.395,-17.548,-0.007
83891,1,-0.574,1.000,99.244,29.60,-28.131592,149.698654
GYRO: 83932,1,-0.399,17.658,-0.038
84392,1,-0.502,0.961,99.242,29.59,-28.131592,149.698654
GYRO: 84415,1,-0.567,60.116,-0.404
84894,1,-0.269,1.031,99.241,29.59,-28.131592,149.698654
GYRO: 84917,1,-0.704,43.963,-0.190
85396,1,-0.413,1.001,99.243,29.60,-28.131594,149.698654
GYRO: 85420,1,1.052,-45.533,0.130
85897,1,-0.268,1.023,99.243,29.60,-28.131596,149.698654
GYRO: 85920,1,-1.895,-3.411,0.817
