19143,1,-364.182,1.218,72.315,38.50,-28.132986,149.699234
GYRO: 19567,1,323.886,-222.286,6.832
19643,1,-372.094,0.991,72.378,38.49,-28.132977,149.699142
GYRO: 19667,1,165.702,369.042,-115.534
20144,1,-382.107,0.963,72.455,38.49,-28.132977,149.699142
GYRO: 20167,1,177.428,-108.134,-60.328
20646,1,-392.716,0.939,72.520,38.49,-28.132963,149.699036
GYRO: 20669,1,-2.450,-49.538,35.214
21147,1,-405.346,1.037,72.589,38.48,-28.132963,149.699036
GYRO: 21170,1,7.153,-212.943,-7.962
21649,1,-417.016,1.034,72.658,38.48,-28.132944,149.698975
GYRO: 21682,1,86.573,-581.279,-49.382
22151,1,-426.351,1.060,72.727,38.46,-28.132944,149.698975
GYRO: 22175,1,171.580,-556.760,94.221
22652,1,-437.055,1.079,72.781,38.46,-28.132936,149.698929
GYRO: 22675,1,-14.343,-273.538,230.588
23153,1,-450.777,1.113,72.882,38.45,-28.132936,149.698929
GYRO: 23177,1,127.947,-352.256,-42.817
23654,1,-463.231,1.003,72.925,38.45,-28.132927,149.698883
GYRO: 23678,1,-106.145,-304.867,-202.008
24156,1,-467.194,1.142,72.949,38.44,-28.132927,149.698883
GYRO: 24186,1,-62.435,-24.347,188.710
24658,1,-475.969,1.010,72.984,38.43,-28.132923,149.698853
GYRO: 24682,1,100.679,-302.424,160.618
25160,1,-492.636,1.105,73.120,38.41,-28.132923,149.698853
GYRO: 25184,1,221.290,-43.370,63.595
25661,1,-508.406,0.943,73.207,38.40,-28.132917,149.698792
GYRO: 25685,1,48.970,-4.027,-69.092
26163,1,-518.854,1.038,73.260,38.40,-28.132917,149.698792
GYRO: 26187,1,171.550,-44.195,67.962
26665,1,-531.277,1.131,73.327,38.38,-28.132902,149.698715
GYRO: 26689,1,293.779,-50.683,-207.550
27168,1,-542.615,1.038,73.419,38.38,-28.132902,149.698715
GYRO: 27192,1,272.145,276.569,-11.885
27670,1,-555.731,0.947,73.480,38.38,-28.132896,149.698654
GYRO: 27694,1,218.420,-268.286,-129.153
28171,1,-566.255,0.932,73.553,38.38,-28.132896,149.698654
GYRO: 28195,1,-10.618,241.882,94.618
28672,1,-577.681,1.125,73.614,38.37,-28.132879,149.698593
GYRO: 28696,1,267.412,144.706,110.054
29174,1,-586.634,1.055,73.662,38.37,-28.132879,149.698593
GYRO: 29198,1,123.718,389.653,-9.672
29677,1,-595.539,0.957,73.723,38.35,-28.132851,149.698532
GYRO: 29700,1,36.893,284.584,-11.672
30178,1,-611.177,0.971,73.807,38.33,-28.132851,149.698532
GYRO: 30205,1,-54.313,18.798,-81.443
30679,1,-624.596,0.936,73.913,38.34,-28.132822,149.698471
GYRO: 30705,1,-16.618,83.439,87.397
31180,1,-637.737,1.073,73.963,38.33,-28.132822,149.698471
GYRO: 31207,1,66.054,169.072,256.649
31681,1,-644.048,1.334,73.986,38.32,-28.132799,149.698410
GYRO: 31708,1,-81.580,362.859,270.191
32183,1,-651.053,1.152,74.066,38.31,-28.132799,149.698410
GYRO: 32216,1,24.038,389.653,122.603
32684,1,-670.834,0.969,74.174,38.29,-28.132788,149.698364
GYRO: 32711,1,60.435,389.653,22.756
33185,1,-679.227,1.085,74.224,38.29,-28.132788,149.698364
GYRO: 33212,1,-135.794,389.653,-45.656
33687,1,-689.544,0.957,74.321,38.28,-28.132792,149.698303
GYRO: 33714,1,-161.855,122.996,-184.389
34189,1,-701.813,1.217,74.339,38.27,-28.132805,149.698227
GYRO: 34215,1,-4.633,341.927,-48.267
34692,1,-715.706,0.943,74.432,38.26,-28.132805,149.698227
GYRO: 34726,1,-57.030,-178.729,-62.557
35194,1,-724.508,0.973,74.489,38.26,-28.132812,149.698151
GYRO: 35220,1,-52.114,280.172,34.863
35695,1,-738.771,0.983,74.591,38.23,-28.132812,149.698151
GYRO: 35721,1,-221.916,266.645,-97.565
36196,1,-744.915,1.138,74.594,38.23,-28.132820,149.698074
GYRO: 36223,1,20.863,200.477,103.687
36697,1,-757.354,0.847,74.725,38.22,-28.132820,149.698074
GYRO: 36724,1,-99.137,11.103,5.199
37198,1,-773.627,0.930,74.802,38.22,-28.132818,149.698013
GYRO: 37225,1,31.947,-73.905,-42.954
37700,1,-785.591,1.047,74.871,38.21,-28.132818,149.698013
GYRO: 37726,1,150.435,-397.721,-107.809
38203,1,-797.349,1.030,74.946,38.20,-28.132809,149.697952
GYRO: 38230,1,137.641,-331.172,12.313
38704,1,-810.044,0.937,75.023,38.19,-28.132809,149.697952
GYRO: 38731,1,134.802,-307.691,-26.649
39205,1,-820.732,0.948,75.090,38.20,-28.132797,149.697891
GYRO: 39232,1,70.283,-235.599,12.283
39708,1,-833.957,1.020,75.173,38.19,-28.132797,149.697891
GYRO: 39735,1,96.267,-207.584,118.908
40209,1,-845.801,1.201,75.238,38.18,-28.132790,149.697815
GYRO: 40236,1,197.641,-257.706,-66.542
40711,1,-854.349,1.144,75.282,38.18,-28.132790,149.697815
GYRO: 40738,1,-38.969,-447.279,-29.519
41213,1,-862.830,1.018,75.342,38.17,-28.132792,149.697723
GYRO: 41240,1,-0.679,-220.454,137.290
41716,1,-874.130,1.091,75.436,38.16,-28.132792,149.697723
GYRO: 41743,1,139.275,-377.279,-28.176
42218,1,-890.318,0.901,75.507,38.15,-28.132801,149.697647
GYRO: 42244,1,-38.908,-144.821,80.603
42720,1,-902.798,0.956,75.590,38.15,-28.132801,149.697647
GYRO: 42753,1,170.160,145.882,-60.420
43221,1,-913.781,0.941,75.651,38.14,-28.132809,149.697540
GYRO: 43248,1,62.893,14.477,-68.435
43722,1,-926.432,0.978,75.740,38.13,-28.132809,149.697540
GYRO: 43749,1,154.466,106.859,-21.565
44223,1,-938.397,1.051,75.803,38.13,-28.132799,149.697433
GYRO: 44250,1,85.458,-197.706,-24.618
44725,1,-950.562,0.897,75.885,38.11,-28.132799,149.697433
GYRO: 44752,1,-43.275,26.782,-108.725
45226,1,-963.445,1.056,75.960,38.13,-28.132784,149.697357
GYRO: 45260,1,0.802,-39.248,-52.298
45728,1,-972.620,1.199,76.000,38.12,-28.132784,149.697357
GYRO: 45755,1,-16.160,-60.180,15.275
46229,1,-979.885,1.192,76.054,38.12,-28.132772,149.697281
GYRO: 46256,1,102.099,-419.691,291.550
46731,1,-996.741,1.133,76.163,38.12,-28.132772,149.697281
GYRO: 46758,1,308.863,-164.210,-179.809
47232,1,-1006.576,0.967,76.219,38.11,-28.132755,149.697220
GYRO: 47259,1,111.992,315.576,-167.519
47734,1,-1018.107,0.982,76.297,38.11,-28.132755,149.697220
GYRO: 47767,1,196.970,80.614,24.481
48235,1,-1029.286,1.028,76.361,38.08,-28.132750,149.697159
GYRO: 48262,1,154.084,-311.233,-152.878
48736,1,-1039.141,1.002,76.432,38.08,-28.132750,149.697159
GYRO: 48763,1,26.023,140.416,-150.084
49238,1,-1054.240,0.761,76.505,38.08,-28.132750,149.697067
GYRO: 49383,1,30.985,389.653,-137.916
49740,1,-1065.542,0.997,76.573,38.07,-28.132750,149.697067
GYRO: 49764,1,216.405,369.988,0.191
50241,1,-1074.942,1.160,76.637,38.05,-28.132742,149.696991
GYRO: 50264,1,107.947,120.889,11.428
50743,1,-1084.239,1.057,76.705,38.04,-28.132742,149.696991
GYRO: 50767,1,145.702,316.049,117.947
51244,1,-1091.021,1.145,76.724,38.04,-28.132732,149.696899
GYRO: 51267,1,-71.901,151.882,186.649
51746,1,-1094.308,1.092,76.754,38.02,-28.132732,149.696899
GYRO: 51769,1,179.672,-92.760,106.786
52248,1,-1115.602,1.051,76.911,38.01,-28.132721,149.696823
GYRO: 52278,1,112.741,115.256,135.428
52750,1,-1126.201,1.218,76.923,37.99,-28.132721,149.696823
GYRO: 52774,1,-54.939,351.515,267.015
53252,1,-1131.613,1.204,77.011,37.98,-28.132711,149.696747
GYRO: 53275,1,3.672,-132.515,328.053
53754,1,-1146.418,1.118,77.104,37.97,-28.132711,149.696747
GYRO: 53778,1,242.771,94.721,39.351
54255,1,-1159.587,0.909,77.165,37.96,-28.132711,149.696671
GYRO: 54278,1,63.000,389.653,113.595
54756,1,-1168.703,1.035,77.225,37.95,-28.132711,149.696671
GYRO: 54779,1,3.855,146.904,53.580
55258,1,-1180.946,1.035,77.278,37.94,-28.132711,149.696625
GYRO: 55282,1,-111.473,389.653,-102.618
55759,1,-1188.913,1.019,77.391,37.93,-28.132711,149.696625
GYRO: 55789,1,-190.298,-35.737,-102.237
56261,1,-1203.416,0.915,77.411,37.90,-28.132715,149.696564
GYRO: 56284,1,-22.389,45.607,141.931
56763,1,-1216.369,0.983,77.543,37.90,-28.132715,149.696564
GYRO: 56786,1,-24.145,389.653,281.290
57264,1,-1227.615,1.219,77.600,37.89,-28.132723,149.696503
GYRO: 57288,1,98.328,243.836,229.824
57765,1,-1242.188,1.141,77.690,37.88,-28.132723,149.696503
GYRO: 57788,1,162.618,319.011,235.794
58266,1,-1251.570,1.145,77.736,37.87,-28.132725,149.696426
GYRO: 58294,1,205.107,358.920,46.344
58768,1,-1264.701,0.945,77.821,37.85,-28.132725,149.696426
GYRO: 58791,1,165.214,-31.767,215.626
59270,1,-1275.878,0.972,77.877,37.86,-28.132725,149.696365
GYRO: 59293,1,19.382,25.561,-341.092
59771,1,-1284.167,0.987,77.961,37.84,-28.132725,149.696365
GYRO: 59794,1,333.107,-524.958,-108.908
60272,1,-1295.044,1.095,77.990,37.83,-28.132721,149.696304
GYRO: 60295,1,215.076,-610.882,-36.099
60774,1,-1304.666,0.866,78.111,37.82,-28.132721,149.696304
GYRO: 60803,1,114.970,-610.882,-120.084
61276,1,-1321.467,0.896,78.190,37.81,-28.132721,149.696259
GYRO: 61299,1,94.115,-486.454,62.985
61778,1,-1333.860,0.958,78.263,37.82,-28.132721,149.696259
GYRO: 61801,1,96.649,-366.164,0.359
62279,1,-1345.927,1.039,78.334,37.81,-28.132729,149.696213
GYRO: 62302,1,127.763,-226.760,72.802
62781,1,-1356.908,1.070,78.413,37.79,-28.132729,149.696213
GYRO: 62805,1,-49.534,0.737,-73.901
63283,1,-1368.954,1.185,78.447,37.80,-28.132738,149.696167
GYRO: 63306,1,-87.153,11.378,20.893
63784,1,-1367.454,1.205,78.454,37.78,-28.132738,149.696167
GYRO: 63808,1,195.183,-361.767,-1.321
64286,1,-1388.053,1.090,78.624,37.77,-28.132755,149.696106
GYRO: 64309,1,301.229,-174.653,62.954
64787,1,-1400.779,1.108,78.671,37.77,-28.132755,149.696106
GYRO: 64811,1,113.611,199.133,-157.275
65289,1,-1412.942,0.949,78.755,37.76,-28.132786,149.696060
GYRO: 65312,1,246.618,48.355,-42.023
65790,1,-1422.524,1.047,78.824,37.75,-28.132786,149.696060
GYRO: 65814,1,132.450,-99.905,-102.313
66292,1,-1435.145,0.995,78.907,37.75,-28.132805,149.695984
GYRO: 66316,1,152.588,207.805,-59.458
66794,1,-1445.646,1.084,78.967,37.74,-28.132805,149.695984
GYRO: 66818,1,243.855,-138.088,-157.794
67296,1,-1456.397,1.091,79.048,37.73,-28.132812,149.695938
GYRO: 67319,1,263.061,330.049,-98.572
67797,1,-1469.692,1.060,79.116,37.72,-28.132812,149.695938
GYRO: 67820,1,214.680,-90.683,-85.733
68299,1,-1478.938,0.969,79.186,37.71,-28.132832,149.695877
GYRO: 68322,1,80.695,-38.424,-16.969
68801,1,-1491.437,1.024,79.255,37.69,-28.132832,149.695877
GYRO: 68825,1,164.252,97.469,-34.817
69302,1,-1500.786,0.990,79.322,37.69,-28.132856,149.695801
GYRO: 69325,1,76.512,-301.218,-58.771
69804,1,-1512.099,1.146,79.377,37.69,-28.132856,149.695801
GYRO: 69827,1,47.367,-48.271,-162.786
70306,1,-1520.817,1.045,79.438,37.67,-28.132864,149.695724
GYRO: 70330,1,-142.588,-64.653,-100.740
70807,1,-1527.833,1.144,79.481,37.65,-28.132864,149.695724
GYRO: 70831,1,-157.626,148.187,50.328
71309,1,-1539.571,1.031,79.605,37.64,-28.132874,149.695679
GYRO: 71338,1,-35.794,190.843,-127.198
71811,1,-1555.339,0.996,79.653,37.63,-28.132874,149.695679
GYRO: 71834,1,-42.023,-81.920,-53.992
72313,1,-1565.202,0.918,79.731,37.63,-28.132896,149.695618
GYRO: 72336,1,55.519,-158.958,27.580
72815,1,-1573.110,1.021,79.783,37.61,-28.132896,149.695618
GYRO: 72839,1,-29.595,111.301,-44.114
73317,1,-1586.650,1.105,79.857,37.61,-28.132904,149.695557
GYRO: 73340,1,-175.030,158.569,-162.008
73819,1,-1593.115,1.192,79.930,37.60,-28.132904,149.695557
GYRO: 73847,1,-209.290,86.080,-81.336
74320,1,-1609.070,1.098,79.999,37.60,-28.132915,149.695496
GYRO: 74344,1,-117.214,49.607,-37.046
74821,1,-1617.143,1.000,80.096,37.58,-28.132915,149.695496
GYRO: 74845,1,-44.450,59.714,19.840
75323,1,-1632.335,0.985,80.147,37.58,-28.132938,149.695435
GYRO: 75346,1,-39.076,-183.477,-114.267
75825,1,-1637.755,1.187,80.177,37.57,-28.132938,149.695435
GYRO: 75849,1,-186.313,186.034,56.786
76327,1,-1645.728,1.131,80.294,37.56,-28.132956,149.695358
GYRO: 76356,1,-166.282,271.515,-129.305
76828,1,-1666.411,1.025,80.375,37.55,-28.132956,149.695358
GYRO: 76852,1,-97.840,144.446,-97.030
77329,1,-1677.546,0.981,80.447,37.55,-28.132969,149.695312
GYRO: 77352,1,-38.069,-153.554,64.145
77831,1,-1689.513,0.943,80.527,37.55,-28.132969,149.695312
GYRO: 77854,1,-38.389,-84.393,55.260
78332,1,-1702.726,1.101,80.610,37.54,-28.132988,149.695251
GYRO: 78356,1,111.794,233.408,300.481
78834,1,-1710.367,1.197,80.636,37.53,-28.132988,149.695251
GYRO: 78858,1,186.771,274.920,53.870
79336,1,-1719.288,0.970,80.728,37.54,-28.133013,149.695145
GYRO: 79359,1,71.031,-25.294,22.557
79837,1,-1730.310,1.068,80.787,37.52,-28.133013,149.695145
GYRO: 79860,1,44.405,-401.080,158.130
80339,1,-1743.851,1.069,80.876,37.51,-28.133032,149.695053
GYRO: 80363,1,110.115,154.599,-67.015
80841,1,-1755.599,0.978,80.967,37.50,-28.133032,149.695053
GYRO: 80865,1,179.550,46.370,211.122
81342,1,-1769.786,1.178,81.040,37.50,-28.133041,149.694962
GYRO: 81443,1,232.527,52.737,15.550
81844,1,-1780.490,0.915,81.100,37.49,-28.133041,149.694962
GYRO: 81867,1,118.954,-83.447,-154.679
82345,1,-1790.678,0.892,81.180,37.48,-28.133060,149.694885
GYRO: 82369,1,8.069,-127.813,31.489
82847,1,-1801.263,1.121,81.251,37.46,-28.133060,149.694885
GYRO: 82876,1,157.626,-447.660,-101.504
83349,1,-1811.591,1.046,81.315,37.45,-28.133095,149.694778
GYRO: 83372,1,-21.977,-65.721,-165.519
83851,1,-1822.697,1.073,81.386,37.43,-28.133095,149.694778
GYRO: 83875,1,41.382,-3.935,131.977
84353,1,-1833.944,0.972,81.443,37.40,-28.133133,149.694687
GYRO: 84381,1,-64.267,-208.134,-162.450
84854,1,-1840.802,1.225,81.485,37.37,-28.133133,149.694687
GYRO: 84878,1,-108.817,389.653,-50.252
85356,1,-1855.581,0.873,81.613,37.36,-28.133154,149.694595
GYRO: 85380,1,144.863,389.653,-92.466
85857,1,-1867.272,0.952,81.687,37.35,-28.133154,149.694595
GYRO: 85881,1,39.947,389.653,-150.740
86358,1,-1879.821,0.941,81.756,37.34,-28.133163,149.694534
GYRO: 86382,1,238.954,389.653,49.718
86860,1,-1892.559,1.253,81.846,37.34,-28.133163,149.694534
GYRO: 86889,1,71.809,366.049,290.038
87361,1,-1898.490,1.199,81.884,37.33,-28.133181,149.694473
GYRO: 87385,1,263.473,36.599,278.771
87863,1,-1913.855,1.162,81.980,37.32,-28.133181,149.694473
GYRO: 87887,1,192.771,219.622,112.206
88365,1,-1922.047,0.967,82.001,37.31,-28.133196,149.694427
GYRO: 88388,1,-46.893,201.775,181.992
88866,1,-1926.171,1.047,82.087,37.31,-28.133196,149.694427
GYRO: 88890,1,163.733,-314.424,74.817
89367,1,-1946.099,0.937,82.197,37.30,-28.133224,149.694382
GYRO: 89395,1,84.206,248.446,3.763
89869,1,-1954.467,1.051,82.239,37.29,-28.133224,149.694382
GYRO: 89892,1,-0.099,20.324,84.359
90371,1,-1963.694,1.125,82.297,37.27,-28.133251,149.694305
GYRO: 90395,1,96.359,-510.760,98.618
90872,1,-1982.856,1.157,82.443,37.26,-28.133251,149.694305
GYRO: 90895,1,156.115,-528.256,-78.343
91373,1,-1994.395,1.107,82.502,37.25,-28.133259,149.694229
GYRO: 91399,1,-134.832,-229.309,-157.519
91875,1,-2001.320,1.198,82.530,37.24,-28.133259,149.694229
GYRO: 91909,1,-7.702,389.653,147.183
92377,1,-2016.302,0.892,82.682,37.21,-28.133261,149.694138
GYRO: 92404,1,72.557,264.294,-95.931
92879,1,-2032.841,1.113,82.759,37.20,-28.133261,149.694138
GYRO: 92905,1,8.756,214.248,-201.000
93380,1,-2039.476,1.195,82.823,37.21,-28.133272,149.694092
GYRO: 93407,1,53.153,389.653,-218.740
93881,1,-2052.237,0.913,82.877,37.17,-28.133272,149.694092
GYRO: 93908,1,178.405,389.653,5.214
94382,1,-2064.148,1.025,82.966,37.16,-28.133295,149.694046
GYRO: 94408,1,196.099,389.653,-94.969
94883,1,-2075.191,1.210,83.053,37.13,-28.133295,149.694046
GYRO: 94910,1,204.221,389.653,72.802
95385,1,-2084.000,0.950,83.098,37.15,-28.133327,149.694000
GYRO: 95412,1,157.138,349.378,239.458
95887,1,-2090.862,1.023,83.124,37.14,-28.133327,149.694000
GYRO: 95914,1,110.435,-238.149,12.267
96390,1,-2102.514,1.073,83.257,37.13,-28.133356,149.693939
GYRO: 96417,1,110.206,-185.157,-8.420
96892,1,-2120.190,1.145,83.354,37.12,-28.133356,149.693939
GYRO: 96919,1,332.634,-228.180,-24.527
97393,1,-2130.978,1.105,83.406,37.10,-28.133366,149.693863
GYRO: 97420,1,124.786,389.653,-142.969
97895,1,-2143.111,1.033,83.475,37.10,-28.133366,149.693863
GYRO: 97922,1,134.206,327.668,18.038
98396,1,-2150.068,1.000,83.543,37.09,-28.133377,149.693787
GYRO: 98425,1,-76.588,389.653,49.214
98898,1,-2159.707,1.117,83.630,37.07,-28.133377,149.693787
GYRO: 98925,1,-1.763,327.866,-125.595
99399,1,-2177.748,1.048,83.710,37.06,-28.133408,149.693710
GYRO: 99426,1,32.725,389.653,-3.870
99901,1,-2183.665,1.268,83.745,37.05,-28.133408,149.693710
GYRO: 100056,1,-210.649,129.103,244.206
100402,1,-2191.375,1.283,83.782,37.02,-28.133408,149.693710
GYRO: 100426,1,177.260,-127.294,354.664
100903,1,-2205.602,1.064,83.926,37.01,-28.133408,149.693710
GYRO: 100927,1,208.710,321.042,36.115
101404,1,-2219.329,0.847,83.995,37.02,-28.133459,149.693527
GYRO: 101428,1,29.580,249.362,-32.405
101906,1,-2228.765,0.995,84.073,37.01,-28.133459,149.693527
GYRO: 101930,1,67.290,180.828,4.924
102407,1,-2243.610,0.931,84.165,37.00,-28.133499,149.693436
GYRO: 102449,1,86.267,283.561,-23.076
102909,1,-2252.547,1.076,84.224,36.99,-28.133499,149.693436
GYRO: 102933,1,224.634,334.004,-42.160
103410,1,-2264.730,0.966,84.308,36.98,-28.133549,149.693344
GYRO: 103435,1,-36.572,0.630,-173.550
103911,1,-2273.870,1.213,84.310,36.96,-28.133549,149.693344
GYRO: 103936,1,44.176,67.698,21.977
104413,1,-2282.011,0.977,84.446,36.93,-28.133604,149.693253
GYRO: 104437,1,-216.069,16.675,-143.153
104915,1,-2292.950,1.182,84.531,36.93,-28.133604,149.693253
GYRO: 104944,1,-37.275,389.653,-80.847
105415,1,-2309.681,0.870,84.604,36.93,-28.133656,149.693146
GYRO: 105440,1,179.534,389.653,-12.481
105916,1,-2319.484,1.041,84.656,36.92,-28.133656,149.693146
GYRO: 105941,1,-74.710,389.653,96.588
106417,1,-2327.392,1.054,84.688,36.91,-28.133686,149.693069
GYRO: 106442,1,68.313,389.653,86.084
106919,1,-2342.414,0.936,84.833,36.90,-28.133686,149.693069
GYRO: 106944,1,114.924,68.904,-144.405
107420,1,-2356.438,1.023,84.929,36.91,-28.133713,149.693008
GYRO: 107451,1,65.489,389.653,20.847
107922,1,-2365.810,1.075,84.956,36.88,-28.133713,149.693008
GYRO: 107947,1,148.435,359.240,-55.000
108424,1,-2377.143,1.023,85.064,36.88,-28.133760,149.692963
GYRO: 108448,1,183.962,24.202,78.939
108925,1,-2390.590,0.956,85.148,36.87,-28.133760,149.692963
GYRO: 108950,1,-95.504,-474.622,-24.099
109426,1,-2398.540,1.008,85.177,36.86,-28.133816,149.692932
GYRO: 109451,1,104.176,-487.401,156.618
109927,1,-2411.202,0.929,85.282,36.84,-28.133816,149.692932
GYRO: 109956,1,46.450,156.217,-146.008
110428,1,-2420.219,1.037,85.343,36.83,-28.133871,149.692902
GYRO: 110453,1,-123.534,88.217,135.076
110929,1,-2426.427,1.258,85.406,36.78,-28.133871,149.692902
GYRO: 110954,1,179.214,-260.210,136.206
111431,1,-2445.713,1.010,85.527,36.80,-28.133936,149.692841
GYRO: 111456,1,205.122,192.645,-22.069
111933,1,-2457.486,1.046,85.603,36.80,-28.133936,149.692841
GYRO: 111958,1,-59.030,389.653,33.947
112434,1,-2467.321,1.153,85.695,36.77,-28.133993,149.692780
GYRO: 112459,1,-78.114,348.706,-250.878
112936,1,-2481.669,1.107,85.779,36.74,-28.133993,149.692780
GYRO: 112960,1,-72.298,319.042,-295.290
113437,1,-2495.274,0.887,85.867,36.72,-28.134035,149.692703
GYRO: 113462,1,66.359,389.653,-121.717
113938,1,-2506.101,0.966,85.916,36.70,-28.134035,149.692703
GYRO: 113963,1,-130.725,382.966,135.412
114440,1,-2512.917,1.198,85.956,36.69,-28.134071,149.692642
GYRO: 114464,1,-88.878,389.653,-112.114
114941,1,-2529.530,0.956,86.084,36.67,-28.134071,149.692642
GYRO: 114966,1,210.160,389.653,97.000
115442,1,-2538.181,1.009,86.153,36.66,-28.134108,149.692581
GYRO: 115467,1,21.305,389.653,39.992
115943,1,-2553.195,0.972,86.253,36.64,-28.134108,149.692581
GYRO: 115968,1,86.878,389.653,108.939
116444,1,-2559.953,1.009,86.302,36.64,-28.134138,149.692505
GYRO: 116469,1,84.817,336.416,52.847
116945,1,-2573.329,0.962,86.399,36.64,-28.134138,149.692505
GYRO: 116970,1,109.046,338.904,-96.282
117446,1,-2589.035,1.060,86.483,36.62,-28.134174,149.692459
GYRO: 117471,1,116.130,295.485,-54.527
117948,1,-2597.396,1.114,86.549,36.64,-28.134174,149.692459
GYRO: 117972,1,264.863,273.347,61.962
118449,1,-2609.973,0.966,86.643,36.63,-28.134230,149.692413
GYRO: 118474,1,59.580,202.706,-43.214
118950,1,-2623.321,0.877,86.715,36.62,-28.134230,149.692413
GYRO: 118974,1,41.611,-16.378,-42.817
119452,1,-2632.532,1.026,86.779,36.61,-28.134293,149.692368
GYRO: 119477,1,49.489,92.737,9.046
119954,1,-2637.266,1.069,86.862,36.60,-28.134293,149.692368
GYRO: 119979,1,196.374,-168.042,199.565
120456,1,-2655.440,1.133,86.949,36.61,-28.134340,149.692337
GYRO: 120481,1,219.992,123.286,97.718
120957,1,-2665.864,1.114,86.994,36.59,-28.134340,149.692337
GYRO: 120982,1,132.542,389.653,241.321
121458,1,-2669.453,1.051,87.055,36.58,-28.134386,149.692307
GYRO: 121483,1,90.374,83.408,158.618
121959,1,-2685.755,0.799,87.173,36.56,-28.134386,149.692307
GYRO: 121983,1,112.634,-88.867,-28.176
122460,1,-2696.150,0.954,87.191,36.55,-28.134426,149.692245
GYRO: 122484,1,96.481,287.683,11.534
122962,1,-2711.305,0.856,87.343,36.53,-28.134426,149.692245
GYRO: 122992,1,18.542,159.683,-35.748
123464,1,-2724.233,0.910,87.424,36.52,-28.134457,149.692154
GYRO: 123489,1,-0.939,113.454,54.985
123965,1,-2733.529,1.028,87.472,36.50,-28.134457,149.692154
GYRO: 123989,1,124.909,221.454,-15.595
124466,1,-2743.145,0.843,87.566,36.50,-28.134468,149.692047
GYRO: 124491,1,69.855,-349.798,64.908
124968,1,-2757.300,0.972,87.654,36.48,-28.134468,149.692047
GYRO: 124993,1,41.626,-236.164,-0.557
125470,1,-2771.070,0.991,87.749,36.48,-28.134480,149.691925
GYRO: 125499,1,213.748,-480.149,-161.611
125972,1,-2779.484,0.977,87.769,36.45,-28.134480,149.691925
GYRO: 125997,1,-206.649,-15.370,44.099
126473,1,-2787.108,0.915,87.855,36.43,-28.134487,149.691803
GYRO: 126498,1,-166.725,389.653,-113.336
126974,1,-2805.001,0.783,87.986,36.43,-28.134487,149.691803
GYRO: 126998,1,-36.023,68.370,50.817
127476,1,-2817.110,0.858,88.062,36.41,-28.134502,149.691711
GYRO: 127500,1,149.275,-288.805,-6.588
127977,1,-2828.386,0.752,88.141,36.40,-28.134502,149.691711
GYRO: 128007,1,-38.450,63.240,51.183
128480,1,-2840.170,0.805,88.205,36.38,-28.134539,149.691635
GYRO: 128511,1,-11.046,-53.828,-44.832
128982,1,-2851.699,1.070,88.301,36.37,-28.134539,149.691635
GYRO: 129007,1,299.244,389.653,289.611
129484,1,-2859.626,1.017,88.360,36.37,-28.134594,149.691559
GYRO: 129508,1,-7.901,277.759,191.244
129984,1,-2875.275,0.752,88.482,36.35,-28.134594,149.691559
GYRO: 130008,1,44.298,346.660,84.618
130486,1,-2889.442,0.828,88.566,36.35,-28.134651,149.691467
GYRO: 130515,1,158.649,261.042,39.992
130987,1,-2901.686,0.858,88.640,36.34,-28.134651,149.691467
GYRO: 131012,1,319.000,3.057,-80.924
131489,1,-2913.516,0.828,88.740,36.33,-28.134701,149.691391
GYRO: 131514,1,192.450,283.653,-155.504
131990,1,-2927.262,0.669,88.832,36.32,-28.134701,149.691391
GYRO: 132014,1,141.321,212.614,-110.618
132491,1,-2940.223,0.773,88.919,36.31,-28.134731,149.691299
GYRO: 132516,1,116.145,337.775,-147.824
132993,1,-2953.374,0.710,89.014,36.30,-28.134731,149.691299
GYRO: 133028,1,57.000,389.653,-164.405
133495,1,-2965.766,0.869,89.099,36.28,-28.134756,149.691223
GYRO: 133522,1,144.008,389.653,-36.282
133996,1,-2977.823,0.998,89.197,36.29,-28.134756,149.691223
GYRO: 134023,1,308.344,69.759,61.031
134498,1,-2990.603,0.982,89.262,36.29,-28.134785,149.691132
GYRO: 134526,1,181.321,-41.981,-216.359
134999,1,-3001.753,0.725,89.354,36.29,-28.134785,149.691132
GYRO: 135027,1,157.672,203.500,-37.122
135500,1,-3012.351,0.961,89.422,36.29,-28.134798,149.691055
GYRO: 135534,1,292.939,76.477,-251.504
136001,1,-3022.910,0.856,89.502,36.28,-28.134798,149.691055
GYRO: 136029,1,341.657,379.301,-143.305
136502,1,-3033.688,0.850,89.570,36.27,-28.134808,149.690979
GYRO: 136529,1,214.481,60.767,-78.420
137004,1,-3043.719,0.599,89.646,36.26,-28.134808,149.690979
GYRO: 137032,1,35.763,23.347,-76.496
137506,1,-3055.321,0.659,89.730,36.26,-28.134815,149.690903
GYRO: 137534,1,189.855,-390.164,-55.015
138008,1,-3065.840,0.716,89.800,36.24,-28.134815,149.690903
GYRO: 138043,1,28.206,300.111,-260.466
138510,1,-3078.136,0.691,89.897,36.23,-28.134817,149.690811
GYRO: 138538,1,242.466,389.653,-23.824
139011,1,-3088.459,0.690,89.957,36.20,-28.134817,149.690811
GYRO: 139038,1,164.115,389.653,55.962
139512,1,-3100.322,0.729,90.034,36.20,-28.134830,149.690750
GYRO: 139540,1,89.428,389.653,-299.458
140013,1,-3111.647,0.644,90.087,36.16,-28.134830,149.690750
GYRO: 140041,1,124.069,389.653,94.023
140516,1,-3119.828,0.594,90.219,36.18,-28.134848,149.690674
GYRO: 140544,1,10.389,389.653,-122.252
141017,1,-3136.622,0.913,90.276,36.17,-28.134848,149.690674
GYRO: 141212,1,59.138,389.653,72.466
141518,1,-3144.858,0.499,90.371,36.16,-28.134859,149.690598
GYRO: 141543,1,101.931,389.653,157.931
142020,1,-3159.022,0.777,90.452,36.16,-28.134859,149.690598
GYRO: 142045,1,146.893,-0.531,-45.672
142521,1,-3170.205,0.502,90.532,36.14,-28.134871,149.690521
GYRO: 142546,1,-42.649,-434.790,34.389
143022,1,-3182.610,0.696,90.627,36.14,-28.134871,149.690521
GYRO: 143047,1,-92.160,-600.271,78.893
143523,1,-3192.727,0.707,90.696,36.13,-28.134888,149.690475
GYRO: 143548,1,-270.282,-336.149,-109.946
144025,1,-3198.009,0.870,90.693,36.12,-28.134888,149.690475
GYRO: 144050,1,191.382,-435.126,207.275
144526,1,-3213.522,0.540,90.840,36.12,-28.134901,149.690445
GYRO: 144551,1,233.565,-351.431,-174.328
145028,1,-3224.887,0.517,90.921,36.11,-28.134901,149.690445
GYRO: 145053,1,-6.969,320.355,-121.504
145530,1,-3236.233,0.461,90.992,36.10,-28.134916,149.690399
GYRO: 145555,1,125.672,163.256,93.855
146033,1,-3245.580,0.702,91.063,36.09,-28.134916,149.690399
GYRO: 146058,1,151.321,358.645,93.687
146535,1,-3254.609,0.599,91.116,36.09,-28.134935,149.690323
GYRO: 146560,1,-36.298,23.973,125.611
147036,1,-3262.079,0.773,91.225,36.07,-28.134935,149.690323
GYRO: 147061,1,242.817,-174.500,74.252
147537,1,-3281.710,0.588,91.318,36.07,-28.134949,149.690247
GYRO: 147562,1,204.283,-337.019,-114.176
148039,1,-3291.798,0.516,91.403,36.05,-28.134949,149.690247
GYRO: 148064,1,7.901,274.889,-75.351
148540,1,-3304.138,0.483,91.478,36.05,-28.134964,149.690170
GYRO: 148565,1,122.176,144.721,58.344
149041,1,-3312.750,0.612,91.546,36.03,-28.134964,149.690170
GYRO: 149066,1,103.015,284.843,14.664
149543,1,-3321.365,0.638,91.603,36.02,-28.134993,149.690094
GYRO: 149568,1,85.351,12.019,235.565
150044,1,-3337.602,0.904,91.740,36.01,-28.134993,149.690094
GYRO: 150069,1,364.191,96.767,57.336
150545,1,-3349.971,0.917,91.817,36.01,-28.135015,149.690018
GYRO: 150571,1,254.847,389.653,-22.908
151047,1,-3358.933,0.590,91.872,35.98,-28.135015,149.690018
GYRO: 151071,1,110.435,389.653,110.466
151548,1,-3371.448,0.392,91.972,35.97,-28.135033,149.689926
GYRO: 151573,1,130.298,389.653,99.916
152050,1,-3383.212,0.747,92.038,35.96,-28.135033,149.689926
GYRO: 152075,1,27.489,213.439,-98.130
152551,1,-3388.909,0.486,92.087,35.94,-28.135048,149.689819
GYRO: 152576,1,-37.977,-33.813,182.725
153052,1,-3400.218,0.735,92.194,35.94,-28.135048,149.689819
GYRO: 153077,1,196.405,-177.111,116.221
153553,1,-3415.145,0.624,92.273,35.93,-28.135063,149.689713
GYRO: 153583,1,196.221,-80.531,-314.252
154054,1,-3424.285,0.529,92.354,35.92,-28.135063,149.689713
GYRO: 154079,1,289.214,389.653,-131.000
154555,1,-3434.112,0.532,92.402,35.90,-28.135077,149.689621
GYRO: 154581,1,137.305,389.653,-66.527
155057,1,-3443.691,0.452,92.486,35.90,-28.135077,149.689621
GYRO: 155082,1,-121.702,361.714,-172.313
155559,1,-3452.823,0.728,92.527,35.90,-28.135098,149.689529
GYRO: 155584,1,-241.916,327.256,-283.672
156061,1,-3459.247,0.879,92.613,35.88,-28.135098,149.689529
GYRO: 156092,1,-178.756,189.698,-216.282
156563,1,-3473.610,0.470,92.713,35.86,-28.135128,149.689453
GYRO: 156588,1,-98.679,301.011,-20.481
157065,1,-3485.183,0.503,92.760,35.85,-28.135128,149.689453
GYRO: 157090,1,-54.435,389.653,20.954
157566,1,-3493.025,0.424,92.858,35.84,-28.135157,149.689392
GYRO: 157591,1,-74.359,389.653,61.137
158068,1,-3504.818,0.515,92.896,35.82,-28.135157,149.689392
GYRO: 158093,1,89.031,389.653,8.160
158570,1,-3514.277,0.416,93.008,35.81,-28.135189,149.689346
GYRO: 158600,1,-167.824,88.630,-215.580
159072,1,-3527.067,0.780,93.102,35.81,-28.135189,149.689346
GYRO: 159099,1,-193.733,-17.813,183.977
159574,1,-3536.160,0.753,93.110,35.79,-28.135233,149.689316
GYRO: 159599,1,101.962,-89.828,200.893
160076,1,-3548.563,0.456,93.273,35.80,-28.135233,149.689316
GYRO: 160101,1,218.939,140.904,64.618
160578,1,-3564.513,0.360,93.370,35.79,-28.135265,149.689270
GYRO: 160604,1,134.847,160.126,-30.801
161081,1,-3577.101,0.510,93.450,35.78,-28.135265,149.689270
GYRO: 161112,1,-59.672,257.927,-48.267
161584,1,-3582.999,0.803,93.459,35.77,-28.135292,149.689209
GYRO: 161610,1,-272.389,389.653,-99.015
162085,1,-3590.038,0.859,93.560,35.76,-28.135292,149.689209
GYRO: 162110,1,-249.672,311.256,-216.282
162586,1,-3606.739,0.496,93.660,35.75,-28.135307,149.689133
GYRO: 162612,1,-105.733,-9.706,-132.008
163087,1,-3617.380,0.460,93.737,35.71,-28.135307,149.689133
GYRO: 163112,1,-46.313,-141.859,29.794
163588,1,-3624.534,0.366,93.757,35.73,-28.135315,149.689072
GYRO: 163618,1,-81.290,385.637,-16.908
164090,1,-3634.696,0.560,93.890,35.71,-28.135315,149.689072
GYRO: 164116,1,-152.939,70.340,-231.092
164591,1,-3644.516,0.735,93.942,35.71,-28.135321,149.688995
GYRO: 164617,1,-205.229,60.843,-80.557
165093,1,-3655.680,0.578,94.032,35.70,-28.135321,149.688995
GYRO: 165118,1,-151.946,58.324,-20.450
165595,1,-3666.455,0.420,94.128,35.70,-28.135328,149.688934
GYRO: 165620,1,-7.702,85.546,50.374
166096,1,-3680.034,0.180,94.187,35.69,-28.135328,149.688934
GYRO: 166128,1,30.817,-260.683,-90.038
166599,1,-3687.835,0.546,94.257,35.70,-28.135336,149.688843
GYRO: 166624,1,206.909,17.927,156.099
167101,1,-3700.877,0.604,94.349,35.69,-28.135336,149.688843
GYRO: 167126,1,-2.175,-224.042,49.321
167603,1,-3711.760,0.131,94.428,35.67,-28.135357,149.688766
GYRO: 167629,1,90.435,-435.706,39.916
168105,1,-3720.631,0.580,94.494,35.65,-28.135357,149.688766
GYRO: 168130,1,50.802,-395.691,25.809
168607,1,-3728.828,0.607,94.525,35.63,-28.135380,149.688660
GYRO: 168637,1,66.313,-610.882,-195.595
169109,1,-3739.023,0.611,94.669,35.63,-28.135380,149.688660
GYRO: 169134,1,53.183,-427.492,-144.817
169610,1,-3755.624,0.344,94.762,35.60,-28.135408,149.688583
GYRO: 169635,1,-85.321,-535.141,-31.672
170111,1,-3765.901,0.884,94.821,35.59,-28.135408,149.688583
GYRO: 170137,1,274.099,-59.538,-270.328
170613,1,-3774.186,0.873,94.884,35.58,-28.135431,149.688507
GYRO: 170638,1,337.168,389.653,-244.435
171115,1,-3784.452,0.680,94.945,35.54,-28.135431,149.688507
GYRO: 171146,1,169.534,333.240,-61.962
171616,1,-3790.871,0.235,95.012,35.54,-28.135445,149.688446
GYRO: 171642,1,-47.153,389.653,-16.374
172117,1,-3799.830,0.525,95.083,35.56,-28.135445,149.688446
GYRO: 172142,1,71.809,372.080,-133.030
172618,1,-3812.276,0.376,95.169,35.54,-28.135462,149.688385
GYRO: 172644,1,220.237,389.653,118.206
173119,1,-3818.805,0.792,95.197,35.54,-28.135462,149.688385
GYRO: 173144,1,100.802,383.744,122.939
173620,1,-3827.421,0.335,95.293,35.54,-28.135483,149.688324
GYRO: 173650,1,42.695,350.172,38.313
174122,1,-3838.948,0.678,95.368,35.53,-28.135483,149.688324
GYRO: 174150,1,43.611,389.653,-317.580
174623,1,-3849.835,0.427,95.430,35.51,-28.135489,149.688232
GYRO: 174655,1,158.084,389.653,-0.313
175125,1,-3857.173,0.637,95.524,35.51,-28.135489,149.688232
GYRO: 175153,1,51.565,389.653,250.115
175626,1,-3869.759,0.875,95.583,35.51,-28.135490,149.688156
GYRO: 175654,1,302.176,274.737,-33.794
176127,1,-3879.130,0.461,95.666,35.47,-28.135490,149.688156
GYRO: 176155,1,104.359,389.653,1.901
176629,1,-3890.384,0.218,95.752,35.48,-28.135508,149.688110
GYRO: 176657,1,112.191,389.653,36.939
177130,1,-3900.272,0.738,95.838,35.48,-28.135508,149.688110
GYRO: 177159,1,166.802,350.706,175.366
177631,1,-3910.206,1.154,95.855,35.47,-28.135532,149.688065
GYRO: 177659,1,27.702,381.042,397.534
178132,1,-3909.194,1.115,95.860,35.46,-28.135532,149.688065
GYRO: 178160,1,-195.519,72.584,154.573
178634,1,-3924.022,0.908,96.059,35.44,-28.135555,149.688019
GYRO: 178662,1,415.428,-63.859,-186.282
179135,1,-3941.483,0.639,96.120,35.45,-28.135555,149.688019
GYRO: 179164,1,-157.580,-284.943,50.985
179637,1,-3950.364,0.811,96.211,35.43,-28.135580,149.687958
GYRO: 179665,1,175.886,-356.500,-236.221
180138,1,-3960.179,0.965,96.266,35.42,-28.135580,149.687958
GYRO: 180167,1,181.397,-610.882,88.573
180640,1,-3971.327,0.298,96.343,35.42,-28.135597,149.687881
GYRO: 180668,1,-84.038,86.477,-199.916
181141,1,-3979.411,0.746,96.417,35.41,-28.135597,149.687881
GYRO: 181169,1,16.817,254.874,-98.099
181643,1,-3990.791,0.815,96.485,35.40,-28.135609,149.687805
GYRO: 181838,1,69.641,312.309,-16.618
182144,1,-4000.204,1.069,96.553,35.38,-28.135609,149.687805
GYRO: 182170,1,222.847,179.866,56.023
182646,1,-4007.163,0.551,96.604,35.38,-28.135616,149.687744
GYRO: 182672,1,175.886,341.836,53.428
183148,1,-4014.917,0.437,96.673,35.38,-28.135616,149.687744
GYRO: 183173,1,155.687,389.653,-26.359
183650,1,-4025.338,0.367,96.772,35.37,-28.135609,149.687668
GYRO: 183675,1,72.160,389.653,-105.336
184151,1,-4036.342,0.594,96.832,35.37,-28.135609,149.687668
GYRO: 184176,1,-3.168,-220.668,-0.954
184652,1,-4046.727,0.627,96.906,35.37,-28.135584,149.687607
GYRO: 184677,1,25.947,-610.882,11.046
185154,1,-4055.516,0.589,96.983,35.37,-28.135584,149.687607
GYRO: 185179,1,39.168,-260.027,-20.069
185656,1,-4064.023,0.465,97.027,35.36,-28.135548,149.687531
GYRO: 185680,1,154.099,-396.607,-31.198
186158,1,-4070.317,0.768,97.135,35.36,-28.135548,149.687531
GYRO: 186183,1,80.893,152.309,130.420
186660,1,-4085.085,0.275,97.195,35.34,-28.135504,149.687485
GYRO: 186690,1,51.351,96.950,51.412
187162,1,-4094.328,0.607,97.250,35.35,-28.135504,149.687485
GYRO: 187186,1,-27.198,48.141,-115.336
187664,1,-4097.339,0.784,97.270,35.33,-28.135460,149.687424
GYRO: 187689,1,168.298,-244.729,126.191
188165,1,-4110.901,0.570,97.388,35.33,-28.135460,149.687424
GYRO: 188189,1,115.565,182.233,-168.099
188667,1,-4118.711,0.846,97.458,35.33,-28.135431,149.687332
GYRO: 188692,1,-6.618,-251.034,218.145
189169,1,-4130.685,0.907,97.566,35.32,-28.135431,149.687332
GYRO: 189198,1,157.260,-80.012,-101.137
189670,1,-4145.009,0.513,97.654,35.33,-28.135424,149.687225
GYRO: 189697,1,102.649,-28.363,133.534
190173,1,-4154.935,0.768,97.721,35.32,-28.135424,149.687225
GYRO: 190198,1,-2.695,-547.935,-27.687
190675,1,-4163.237,0.585,97.766,35.32,-28.135427,149.687134
GYRO: 190700,1,55.794,-502.409,-49.992
191177,1,-4170.834,0.776,97.841,35.31,-28.135427,149.687134
GYRO: 191202,1,212.023,-145.386,5.763
191678,1,-4178.966,0.747,97.933,35.30,-28.135418,149.687027
GYRO: 191708,1,-70.145,111.912,-0.130
192181,1,-4194.149,0.788,98.034,35.30,-28.135418,149.687027
GYRO: 192205,1,-51.794,280.553,190.099
192683,1,-4203.685,0.893,98.068,35.29,-28.135391,149.686935
GYRO: 192708,1,12.389,389.653,147.809
193185,1,-4212.065,0.855,98.170,35.29,-28.135391,149.686935
GYRO: 193209,1,82.664,348.263,70.908
193686,1,-4223.501,0.679,98.231,35.27,-28.135365,149.686829
GYRO: 193711,1,169.519,389.653,7.626
194187,1,-4233.112,0.712,98.310,35.28,-28.135365,149.686829
GYRO: 194216,1,180.389,147.362,8.450
194689,1,-4240.237,0.569,98.378,35.28,-28.135336,149.686737
GYRO: 194714,1,50.283,389.653,42.954
195191,1,-4249.747,0.720,98.424,35.27,-28.135305,149.686646
GYRO: 195216,1,-32.038,389.653,-39.779
195693,1,-4258.103,0.714,98.523,35.27,-28.135305,149.686646
GYRO: 195718,1,-22.603,207.698,-154.099
196195,1,-4270.144,0.613,98.594,35.26,-28.135275,149.686569
GYRO: 196220,1,84.267,389.653,-18.008
196697,1,-4279.782,0.725,98.636,35.25,-28.135275,149.686569
GYRO: 196727,1,126.145,389.653,-58.939
197199,1,-4286.135,0.695,98.752,35.25,-28.135260,149.686523
GYRO: 197224,1,-22.954,389.653,25.122
197701,1,-4300.479,0.627,98.809,35.23,-28.135260,149.686523
GYRO: 197726,1,94.954,389.653,-88.588
198203,1,-4308.089,0.759,98.895,35.22,-28.135263,149.686478
GYRO: 198227,1,30.145,389.653,-30.572
198705,1,-4318.025,0.699,98.926,35.22,-28.135263,149.686478
GYRO: 198730,1,112.588,389.653,-42.893
199206,1,-4327.798,0.912,99.061,35.22,-28.135267,149.686462
GYRO: 199235,1,-235.977,308.813,17.183
199707,1,-4337.404,0.978,99.112,35.20,-28.135267,149.686462
GYRO: 199731,1,184.756,-164.271,125.015
