19117,1,0.547,0.941,99.335,29.91,0.000000,0.000000
GYRO: 19508,1,0.211,-0.094,-0.323
19616,1,0.741,0.942,99.336,29.91,0.000000,0.000000
GYRO: 19642,1,-0.690,0.287,0.150
20117,1,0.357,0.916,99.335,29.91,0.000000,0.000000
GYRO: 20144,1,-0.202,0.242,-0.094
20618,1,0.538,0.948,99.335,29.91,0.000000,0.000000
GYRO: 20645,1,-0.034,-0.262,0.150
21120,1,0.369,0.948,99.337,29.91,0.000000,0.000000
GYRO: 21146,1,-0.324,0.242,0.272
21622,1,0.540,0.950,99.337,29.91,0.000000,0.000000
GYRO: 21648,1,-0.339,-0.079,0.288
22123,1,0.477,0.953,99.331,29.90,0.000000,0.000000
GYRO: 22150,1,0.165,0.196,-0.292
22625,1,0.692,0.951,99.332,29.91,0.000000,0.000000
GYRO: 22651,1,0.058,0.120,-0.170
23127,1,0.686,0.950,99.333,29.92,0.000000,0.000000
GYRO: 23153,1,0.333,-0.339,-0.002
23628,1,0.394,0.948,99.334,29.93,0.000000,0.000000
GYRO: 23655,1,0.027,0.593,-0.277
24130,1,0.663,0.950,99.332,29.92,0.000000,0.000000
GYRO: 24156,1,-0.064,-0.064,-0.048
24631,1,0.590,0.947,99.338,29.93,0.000000,0.000000
GYRO: 24658,1,-0.400,-0.186,0.120
25132,1,0.464,0.948,99.334,29.93,0.000000,0.000000
GYRO: 25159,1,-0.125,-0.003,-0.216
25634,1,0.363,0.950,99.332,29.94,0.000000,0.000000
GYRO: 25660,1,0.012,0.211,-0.002
26136,1,0.614,0.949,99.335,29.95,0.000000,0.000000
GYRO: 26162,1,0.104,0.257,-0.079
26637,1,0.763,0.948,99.334,29.95,0.000000,0.000000
GYRO: 26664,1,-0.232,-0.186,0.166
27139,1,0.601,0.953,99.336,29.95,0.000000,0.000000
GYRO: 27166,1,0.409,0.013,0.059
27640,1,0.583,0.948,99.336,29.95,0.000000,0.000000
GYRO: 27667,1,-0.064,-0.171,-0.201
28141,1,0.697,0.950,99.333,29.95,0.000000,0.000000
GYRO: 28167,1,0.165,0.043,-0.124
28642,1,0.856,0.949,99.336,29.95,0.000000,0.000000
GYRO: 28669,1,-0.568,-0.079,0.074
29144,1,0.693,0.949,99.333,29.95,0.000000,0.000000
GYRO: 29171,1,-0.293,0.807,-0.048
29647,1,0.794,0.944,99.333,29.95,0.000000,0.000000
GYRO: 29809,1,0.256,0.852,0.181
30148,1,1.020,0.951,99.331,29.95,0.000000,0.000000
GYRO: 30172,1,-0.492,-0.262,0.013
30650,1,0.770,0.949,99.335,29.94,0.000000,0.000000
GYRO: 30682,1,0.470,0.455,-0.018
31151,1,0.724,0.946,99.334,29.94,0.000000,0.000000
GYRO: 31175,1,-0.293,-0.476,-0.018
31653,1,0.787,0.951,99.332,29.95,0.000000,0.000000
GYRO: 31677,1,0.531,-0.430,0.074
32155,1,0.870,0.950,99.332,29.94,0.000000,0.000000
GYRO: 32179,1,-1.072,0.364,-0.155
32657,1,0.610,0.949,99.332,29.96,0.000000,0.000000
GYRO: 32681,1,0.287,-0.445,-0.063
33158,1,0.716,0.946,99.332,29.96,0.000000,0.000000
GYRO: 33182,1,-0.232,-0.064,-0.048
33660,1,0.997,0.947,99.330,29.96,0.000000,0.000000
GYRO: 33689,1,0.195,0.165,0.043
34162,1,0.757,0.947,99.333,29.96,0.000000,0.000000
GYRO: 34185,1,0.012,0.410,0.257
34662,1,0.832,0.949,99.335,29.96,0.000000,0.000000
GYRO: 34686,1,0.348,-0.033,-0.537
35163,1,0.779,0.948,99.334,29.96,0.000000,0.000000
GYRO: 35186,1,-0.553,0.120,0.135
35665,1,0.618,0.952,99.332,29.96,0.000000,0.000000
GYRO: 35688,1,0.837,0.058,-0.201
36165,1,0.705,0.953,99.335,29.96,0.000000,0.000000
GYRO: 36189,1,-0.812,0.043,0.074
36666,1,0.675,0.948,99.334,29.96,0.000000,0.000000
GYRO: 36694,1,0.333,-0.812,-0.033
37168,1,0.886,0.948,99.335,29.96,0.000000,0.000000
GYRO: 37192,1,-0.247,0.181,0.135
37670,1,0.629,0.948,99.333,29.96,0.000000,0.000000
GYRO: 37694,1,-0.125,0.043,-0.170
38171,1,0.556,0.947,99.333,29.95,0.000000,0.000000
GYRO: 38195,1,-0.690,0.410,0.318
38673,1,0.596,0.948,99.339,29.97,0.000000,0.000000
GYRO: 38696,1,0.134,-0.201,-0.048
39175,1,0.577,0.948,99.335,29.95,0.000000,0.000000
GYRO: 39199,1,-0.217,0.501,-0.002
39677,1,0.549,0.953,99.333,29.95,0.000000,0.000000
GYRO: 39706,1,-0.095,0.043,0.013
40179,1,0.655,0.952,99.334,29.97,0.000000,0.000000
GYRO: 40203,1,-0.079,-0.079,-0.430
40681,1,0.873,0.947,99.328,29.95,0.000000,0.000000
GYRO: 40705,1,-0.202,-0.415,0.120
41182,1,1.012,0.946,99.330,29.95,0.000000,0.000000
GYRO: 41205,1,-0.049,-0.369,0.028
41684,1,0.793,0.934,99.332,29.96,0.000000,0.000000
GYRO: 41707,1,0.837,-0.201,-0.063
42184,1,0.822,0.942,99.333,29.96,0.000000,0.000000
GYRO: 42208,1,-0.232,0.929,0.105
42685,1,0.732,0.949,99.334,29.96,0.000000,0.000000
GYRO: 42713,1,-0.263,0.242,-0.201
43187,1,0.933,0.947,99.330,29.95,0.000000,0.000000
GYRO: 43211,1,0.409,-0.369,-0.384
43689,1,0.754,0.953,99.334,29.96,0.000000,0.000000
GYRO: 43713,1,0.470,0.165,0.410
44190,1,0.686,0.948,99.335,29.97,0.000000,0.000000
GYRO: 44213,1,-0.263,0.471,0.120
44692,1,0.621,0.947,99.334,29.97,0.000000,0.000000
GYRO: 44715,1,-0.217,0.516,0.013
45192,1,0.722,0.951,99.334,29.97,0.000000,0.000000
GYRO: 45216,1,0.027,0.364,-0.262
45693,1,0.721,0.948,99.336,29.97,0.000000,0.000000
GYRO: 45722,1,1.050,0.104,0.196
46195,1,0.628,0.952,99.333,29.96,0.000000,0.000000
GYRO: 46219,1,-0.599,0.639,-0.292
46697,1,0.704,0.952,99.333,29.97,0.000000,0.000000
GYRO: 46721,1,0.027,0.272,0.074
47198,1,0.628,0.948,99.334,29.98,0.000000,0.000000
GYRO: 47222,1,-0.370,-0.079,-0.079
47700,1,0.809,0.952,99.335,29.99,0.000000,0.000000
GYRO: 47724,1,-0.324,-0.110,0.074
48201,1,0.645,0.954,99.334,29.99,0.000000,0.000000
GYRO: 48225,1,0.073,-0.003,0.166
48703,1,0.142,0.952,99.340,30.00,0.000000,0.000000
GYRO: 48731,1,0.073,0.028,-0.292
49204,1,0.423,0.947,99.336,30.00,0.000000,0.000000
GYRO: 49228,1,0.226,0.089,-0.048
49705,1,0.418,1.268,99.335,30.00,0.000000,0.000000
GYRO: 49729,1,0.088,0.791,-0.247
50206,1,0.657,0.966,99.334,30.00,0.000000,0.000000
GYRO: 50230,1,0.104,-0.522,-0.109
50707,1,0.383,0.967,99.335,30.00,0.000000,0.000000
GYRO: 50730,1,-0.186,-0.339,0.013
51209,1,0.427,0.948,99.337,30.01,0.000000,0.000000
