13054,1,-1.141,0.988,99.153,22.41,-31.589628,116.783127
GYRO: 14106,1,-0.021,-0.024,-0.336
14120,1,-1.605,0.985,99.157,22.42,-31.589628,116.783127
GYRO: 14239,1,-0.692,-0.039,-0.443
14521,1,-1.331,0.984,99.156,22.38,-31.589628,116.783127
GYRO: 14593,1,-0.143,0.022,0.137
14922,1,-1.185,0.981,99.155,22.37,-31.589628,116.783127
GYRO: 14994,1,0.056,-0.009,0.289
15324,1,-1.197,0.981,99.153,22.39,-31.589628,116.783127
GYRO: 15396,1,-0.143,0.129,-0.153
15726,1,-1.312,0.976,99.152,22.40,-31.589621,116.783127
GYRO: 15802,1,0.178,-0.100,-0.382
16128,1,-1.353,0.981,99.155,22.41,-31.589621,116.783127
GYRO: 16201,1,0.010,-0.284,-0.000
16530,1,-1.286,0.985,99.155,22.42,-31.589621,116.783127
GYRO: 16602,1,0.086,-0.146,-0.000
16931,1,-1.223,0.985,99.154,22.43,-31.589609,116.783127
GYRO: 17003,1,-0.372,-0.039,0.106
17332,1,-1.370,0.981,99.153,22.44,-31.589609,116.783127
GYRO: 17407,1,-0.204,0.159,-0.336
17733,1,-1.425,0.977,99.157,22.46,-31.589611,116.783134
GYRO: 17805,1,0.147,0.098,0.137
18135,1,-1.264,0.998,99.151,22.46,-31.589611,116.783134
GYRO: 18213,1,-2.204,-0.055,-0.428
18536,1,-1.511,0.987,99.160,22.47,-31.589611,116.783134
GYRO: 18608,1,-0.479,0.266,0.213
18937,1,-1.605,0.981,99.155,22.47,-31.589621,116.783134
GYRO: 19009,1,-0.112,0.373,0.259
19339,1,-1.377,0.983,99.152,22.49,-31.589621,116.783134
GYRO: 19411,1,1.002,-0.604,0.289
19740,1,-1.288,0.991,99.153,22.49,-31.589588,116.783134
GYRO: 19812,1,3.353,0.617,0.473
20141,1,-1.135,0.972,99.154,22.50,-31.589588,116.783134
GYRO: 20213,1,0.544,0.266,0.076
20542,1,-1.131,0.980,99.151,22.49,-31.589588,116.783134
GYRO: 20615,1,0.269,-0.177,0.259
20944,1,-1.244,0.979,99.153,22.48,-31.589563,116.783134
GYRO: 21016,1,1.399,0.052,-0.138
21346,1,-0.974,0.981,99.149,22.48,-31.589563,116.783134
GYRO: 21419,1,6.178,0.037,0.518
21747,1,-0.556,0.981,99.148,22.49,-31.589567,116.783150
GYRO: 21820,1,-4.509,-0.207,-0.306
22148,1,-0.933,0.982,99.151,22.49,-31.589567,116.783150
GYRO: 22220,1,5.445,0.358,0.747
22550,1,-1.017,0.979,99.152,22.48,-31.589567,116.783150
GYRO: 22628,1,-6.799,0.281,-0.565
22951,1,-1.314,0.977,99.155,22.42,-31.589573,116.783157
GYRO: 23023,1,5.262,0.419,0.732
23353,1,-0.648,0.982,99.156,22.40,-31.589573,116.783157
GYRO: 23425,1,1.643,0.388,0.076
23754,1,-1.094,0.978,99.150,22.41,-31.589577,116.783157
GYRO: 23827,1,-2.631,-0.009,-0.199
24155,1,-0.954,0.980,99.153,22.39,-31.589577,116.783157
GYRO: 24227,1,-0.173,0.266,0.396
24557,1,-1.229,0.980,99.150,22.36,-31.589577,116.783157
GYRO: 24629,1,-0.708,-0.039,-0.107
24959,1,-1.033,0.980,99.149,22.37,-31.589588,116.783142
GYRO: 25031,1,-0.250,-0.009,0.030
25360,1,-1.102,0.979,99.153,22.42,-31.589588,116.783142
GYRO: 25433,1,-0.311,0.037,-0.077
25761,1,-1.091,0.979,99.152,22.40,-31.589584,116.783150
GYRO: 25833,1,-0.601,0.129,0.106
26163,1,-0.934,0.984,99.151,22.38,-31.589584,116.783150
GYRO: 26235,1,0.300,-0.039,-0.077
26564,1,-1.344,0.982,99.155,22.40,-31.589584,116.783150
GYRO: 26637,1,-0.799,-0.268,-0.184
26965,1,-1.273,0.982,99.156,22.42,-31.589590,116.783157
GYRO: 27045,1,-0.647,-0.024,-0.321
27367,1,-1.181,0.978,99.155,22.41,-31.589590,116.783157
GYRO: 27442,1,0.056,0.312,-0.123
27768,1,-1.048,0.980,99.151,22.41,-31.589602,116.783180
GYRO: 27844,1,0.239,-0.009,-0.092
28169,1,-0.808,0.981,99.150,22.44,-31.589602,116.783180
GYRO: 28244,1,0.101,-0.070,0.198
28571,1,-0.746,0.980,99.148,22.46,-31.589577,116.783157
GYRO: 28647,1,0.025,-0.055,-0.107
28973,1,-0.735,0.982,99.148,22.47,-31.589577,116.783157
GYRO: 29048,1,-0.631,0.022,0.015
29374,1,-0.787,0.984,99.151,22.48,-31.589577,116.783157
GYRO: 29456,1,0.056,-0.055,-0.123
29776,1,-0.819,0.978,99.146,22.49,-31.589567,116.783157
GYRO: 29851,1,-0.219,-0.055,0.289
30177,1,-0.470,0.978,99.148,22.50,-31.589567,116.783157
GYRO: 30253,1,-0.005,0.205,-0.107
30579,1,-0.712,0.977,99.150,22.50,-31.589563,116.783157
GYRO: 30655,1,-0.433,0.052,-0.306
30980,1,-0.657,0.982,99.150,22.50,-31.589563,116.783157
GYRO: 31055,1,-0.418,0.022,-0.138
31381,1,-0.622,0.979,99.147,22.50,-31.589563,116.783157
GYRO: 31457,1,0.590,-0.009,0.289
31782,1,-0.723,0.973,99.152,22.50,-31.589563,116.783150
GYRO: 31857,1,-0.189,-0.177,0.320
32183,1,-0.670,0.978,99.149,22.51,-31.589563,116.783150
GYRO: 32259,1,0.010,-0.009,-0.046
32585,1,-0.651,0.979,99.149,22.52,-31.589573,116.783150
GYRO: 32660,1,1.094,0.312,0.366
32986,1,-0.860,0.975,99.149,22.52,-31.589573,116.783150
GYRO: 33062,1,0.605,-0.116,-0.062
33387,1,-0.828,0.980,99.151,22.52,-31.589573,116.783150
GYRO: 33462,1,0.468,0.174,-0.123
33789,1,-1.005,0.980,99.151,22.53,-31.589569,116.783150
GYRO: 33871,1,-0.555,-0.299,0.198
34190,1,-0.808,0.982,99.151,22.54,-31.589569,116.783150
GYRO: 34265,1,-0.143,0.098,-0.153
34591,1,-0.956,0.980,99.152,22.54,-31.589567,116.783157
GYRO: 34667,1,-0.357,-0.330,0.259
34992,1,-0.822,0.980,99.154,22.56,-31.589567,116.783157
GYRO: 35067,1,0.208,-0.085,0.076
35393,1,-1.005,0.979,99.151,22.55,-31.589567,116.783157
GYRO: 35469,1,0.788,0.052,0.060
