19114,1,-1.154,0.966,99.336,30.04,0.000000,0.000000
GYRO: 19909,1,-0.277,-0.281,0.226
19924,1,-1.211,0.942,99.336,30.03,0.000000,0.000000
GYRO: 19953,1,-0.261,-0.403,0.317
20425,1,-1.011,0.946,99.337,30.04,0.000000,0.000000
GYRO: 20449,1,-0.063,-0.693,0.027
20927,1,-0.568,0.956,99.331,30.03,0.000000,0.000000
GYRO: 20951,1,-0.277,0.070,0.012
21429,1,-0.680,0.948,99.336,30.04,0.000000,0.000000
GYRO: 21452,1,-0.445,0.528,0.058
21931,1,-0.658,0.948,99.333,30.04,0.000000,0.000000
GYRO: 21955,1,0.227,0.040,0.027
22433,1,-0.654,0.936,99.336,30.05,0.000000,0.000000
GYRO: 22457,1,0.044,-0.479,-0.308
22934,1,-0.609,0.958,99.331,30.04,0.000000,0.000000
GYRO: 22958,1,-0.536,3.795,-0.278
23435,1,-0.412,1.028,99.334,30.04,0.000000,0.000000
GYRO: 23460,1,-1.544,1.139,0.195
23937,1,-0.646,1.493,99.333,30.03,0.000000,0.000000
GYRO: 23961,1,0.120,-2.052,1.279
24438,1,-0.780,1.125,99.332,30.03,0.000000,0.000000
GYRO: 24463,1,1.235,0.956,-0.522
24939,1,-0.742,1.507,99.334,30.04,0.000000,0.000000
GYRO: 24963,1,0.227,-0.052,0.287
25440,1,-0.817,0.960,99.333,30.03,0.000000,0.000000
GYRO: 25464,1,-1.544,4.803,-0.064
25941,1,-0.792,1.531,99.333,30.03,0.000000,0.000000
GYRO: 25965,1,1.265,-1.853,-0.522
26442,1,-0.935,0.943,99.334,30.03,0.000000,0.000000
GYRO: 26466,1,0.441,-0.327,-0.034
26943,1,-0.801,0.950,99.334,30.02,0.000000,0.000000
GYRO: 26967,1,-0.185,-3.991,0.394
27444,1,-0.794,1.091,99.333,30.01,0.000000,0.000000
GYRO: 27468,1,-1.834,1.017,-0.415
27945,1,-0.855,0.966,99.334,30.00,0.000000,0.000000
GYRO: 27975,1,-0.032,-0.159,0.195
28447,1,-0.683,0.948,99.333,29.99,0.000000,0.000000
GYRO: 28471,1,0.258,0.024,-0.125
28948,1,-0.660,0.952,99.334,30.00,0.000000,0.000000
GYRO: 28977,1,0.212,-0.006,-0.202
29449,1,-0.977,0.968,99.334,30.00,0.000000,0.000000
GYRO: 29473,1,0.105,-0.159,0.119
29950,1,-0.969,0.957,99.334,29.99,0.000000,0.000000
GYRO: 29973,1,0.181,-0.357,-0.232
30451,1,-0.807,0.947,99.326,29.96,0.000000,0.000000
GYRO: 30475,1,-0.124,-0.250,0.119
30952,1,-1.190,0.951,99.335,29.97,0.000000,0.000000
GYRO: 30980,1,0.013,-0.434,0.027
31454,1,-1.180,0.951,99.335,29.99,0.000000,0.000000
GYRO: 31478,1,0.120,0.315,-0.018
31956,1,-0.802,0.952,99.334,29.97,0.000000,0.000000
GYRO: 31980,1,-0.124,-0.327,-0.064
32458,1,-0.608,0.949,99.333,29.99,0.000000,0.000000
GYRO: 32482,1,0.135,0.116,-0.156
32959,1,-0.533,0.953,99.335,29.99,0.000000,0.000000
GYRO: 32982,1,-0.231,-0.189,-0.064
33460,1,-0.673,0.950,99.330,29.97,0.000000,0.000000
GYRO: 33484,1,-0.017,0.070,0.379
33961,1,-0.584,0.950,99.331,29.97,0.000000,0.000000
GYRO: 33990,1,-0.078,-0.067,0.302
34462,1,-0.421,0.948,99.326,29.95,0.000000,0.000000
GYRO: 34486,1,0.380,-0.037,-0.049
34963,1,-0.346,0.960,99.335,29.97,0.000000,0.000000
GYRO: 34987,1,0.013,0.406,-0.339
35465,1,-0.592,0.956,99.333,29.96,0.000000,0.000000
GYRO: 35489,1,-0.155,-0.205,0.119
35967,1,-0.698,0.952,99.333,29.96,0.000000,0.000000
GYRO: 35991,1,0.074,0.101,-0.186
36469,1,-0.571,0.949,99.327,29.94,0.000000,0.000000
GYRO: 36493,1,0.044,0.055,0.058
36971,1,-0.465,0.946,99.330,29.95,0.000000,0.000000
GYRO: 36999,1,0.273,-0.037,-0.049
37474,1,-0.218,0.951,99.330,29.93,-28.131603,149.698639
GYRO: 37498,1,0.181,-0.174,0.241
37976,1,-0.329,0.950,99.329,29.93,-28.131603,149.698639
GYRO: 38001,1,0.120,-0.128,-0.202
38477,1,-0.504,0.950,99.332,29.92,-28.131603,149.698639
GYRO: 38502,1,-0.323,-0.113,-0.232
38978,1,-0.166,0.954,99.328,29.92,-28.131607,149.698639
GYRO: 39002,1,-0.017,0.040,-0.125
39479,1,-0.236,0.952,99.327,29.92,-28.131607,149.698639
GYRO: 39504,1,0.242,0.299,0.043
39980,1,-0.414,0.950,99.333,29.92,-28.131607,149.698639
GYRO: 40005,1,0.273,0.376,-0.247
40481,1,-0.682,0.971,99.331,29.93,-28.131607,149.698639
GYRO: 40506,1,0.090,0.559,-0.385
40982,1,-0.063,0.949,99.328,29.93,-28.131607,149.698639
GYRO: 41007,1,0.319,0.238,-0.141
41483,1,0.175,0.953,99.325,29.92,-28.131607,149.698639
GYRO: 41507,1,-0.475,-0.067,0.150
41985,1,-0.280,0.954,99.331,29.94,-28.131607,149.698639
GYRO: 42010,1,0.013,-0.052,-0.217
42486,1,-0.080,0.947,99.333,29.92,-28.131607,149.698639
GYRO: 42515,1,-0.139,0.269,0.073
42989,1,-0.367,0.953,99.334,29.91,-28.131611,149.698639
GYRO: 43014,1,-0.216,0.131,0.211
43490,1,-0.525,0.949,99.329,29.90,-28.131611,149.698639
GYRO: 43514,1,-0.216,0.223,-0.522
43992,1,-0.205,0.953,99.333,29.91,-28.131613,149.698639
GYRO: 44016,1,-0.109,-0.189,0.699
44493,1,-0.513,0.955,99.331,29.89,-28.131613,149.698639
GYRO: 44521,1,-0.353,0.009,-0.308
44994,1,-0.389,0.951,99.326,29.89,-28.131613,149.698639
GYRO: 45018,1,-0.399,0.040,0.104
45497,1,0.121,0.947,99.326,29.89,-28.131613,149.698639
GYRO: 45521,1,-0.277,0.040,0.058
45999,1,-0.175,0.952,99.331,29.91,-28.131613,149.698639
GYRO: 46023,1,-0.063,-0.006,-0.247
46501,1,-0.270,0.945,99.328,29.91,-28.131613,149.698639
GYRO: 46526,1,0.074,0.040,0.104
47002,1,-0.296,0.953,99.328,29.91,-28.131615,149.698639
GYRO: 47026,1,-0.200,-0.266,-0.186
47503,1,-0.242,0.948,99.327,29.92,-28.131615,149.698639
GYRO: 47527,1,0.105,-0.174,-0.064
48005,1,-0.062,0.950,99.330,29.93,-28.131615,149.698639
GYRO: 48034,1,0.059,-0.052,-0.324
48507,1,-0.135,0.952,99.333,29.93,-28.131615,149.698639
GYRO: 48531,1,-0.139,0.208,0.272
49009,1,-0.388,0.929,99.329,29.94,-28.131615,149.698639
GYRO: 49033,1,0.166,-0.525,0.043
49510,1,-0.246,0.948,99.329,29.93,-28.131615,149.698639
GYRO: 49534,1,0.044,-0.037,0.073
50012,1,-0.293,0.955,99.329,29.93,-28.131615,149.698639
GYRO: 50039,1,0.090,0.482,-0.293
50515,1,-0.341,0.949,99.332,29.94,-28.131615,149.698639
GYRO: 50543,1,-0.185,-0.281,0.104
51017,1,-0.395,0.949,99.329,29.95,-28.131613,149.698639
GYRO: 51051,1,-0.643,0.024,0.195
