19119,1,0.713,0.938,99.257,28.65,0.000000,0.000000
GYRO: 19491,1,0.670,2.203,-3.272
19619,1,0.391,0.962,99.260,28.65,0.000000,0.000000
GYRO: 19642,1,8.899,16.554,-25.592
20121,1,0.480,0.949,99.259,28.63,0.000000,0.000000
GYRO: 20145,1,23.876,83.119,-22.188
20623,1,0.453,0.969,99.260,28.66,0.000000,0.000000
GYRO: 20646,1,-1.819,-2.713,-8.386
21124,1,0.505,0.954,99.261,28.66,0.000000,0.000000
GYRO: 21147,1,-2.582,-12.652,-0.783
21625,1,0.371,0.967,99.261,28.66,0.000000,0.000000
GYRO: 21649,1,0.685,-0.851,-0.050
22128,1,0.271,0.957,99.256,28.65,0.000000,0.000000
GYRO: 22152,1,0.090,0.737,-0.066
22630,1,0.397,0.970,99.259,28.67,0.000000,0.000000
GYRO: 22654,1,-0.460,-0.576,-0.050
23132,1,0.351,0.957,99.261,28.67,0.000000,0.000000
GYRO: 23156,1,0.716,-1.095,-0.233
23634,1,0.378,0.962,99.261,28.68,0.000000,0.000000
GYRO: 23657,1,-0.063,-1.293,-0.829
24136,1,0.510,0.958,99.256,28.67,0.000000,0.000000
GYRO: 24159,1,0.884,-3.721,-1.378
24636,1,0.365,1.032,99.253,28.66,0.000000,0.000000
GYRO: 24660,1,0.181,-0.438,-0.508
25137,1,0.336,0.962,99.258,28.68,0.000000,0.000000
GYRO: 25161,1,0.365,-2.301,-0.264
25639,1,0.407,0.970,99.260,28.68,0.000000,0.000000
GYRO: 25663,1,0.762,3.348,-0.066
26141,1,0.420,0.957,99.257,28.69,0.000000,0.000000
GYRO: 26164,1,0.594,1.623,0.133
26643,1,0.231,0.982,99.265,28.69,0.000000,0.000000
GYRO: 26666,1,-0.048,-4.118,0.026
27144,1,0.211,0.950,99.259,28.67,0.000000,0.000000
GYRO: 27168,1,-0.048,-5.171,0.622
27645,1,0.306,0.973,99.258,28.67,0.000000,0.000000
GYRO: 27668,1,-0.093,-0.835,-0.295
28146,1,0.415,0.959,99.264,28.70,0.000000,0.000000
GYRO: 28169,1,-3.116,-13.706,-1.058
28648,1,0.391,0.974,99.259,28.71,0.000000,0.000000
GYRO: 28671,1,-0.002,-4.164,-1.073
29149,1,0.505,0.953,99.259,28.71,0.000000,0.000000
GYRO: 29173,1,0.487,1.836,-2.188
29650,1,0.455,0.976,99.260,28.71,0.000000,0.000000
GYRO: 29673,1,0.243,6.447,0.927
30151,1,0.426,0.959,99.260,28.71,0.000000,0.000000
GYRO: 30175,1,1.357,4.478,-0.279
30653,1,0.387,0.966,99.261,28.72,0.000000,0.000000
GYRO: 30682,1,1.357,-0.866,0.362
31154,1,0.355,0.962,99.258,28.71,0.000000,0.000000
GYRO: 31177,1,0.029,1.119,0.301
31656,1,0.505,0.973,99.257,28.72,0.000000,0.000000
GYRO: 31679,1,-0.506,-6.072,0.774
32157,1,0.640,0.960,99.258,28.73,0.000000,0.000000
GYRO: 32181,1,0.594,0.523,-1.043
32659,1,0.408,0.966,99.258,28.73,0.000000,0.000000
GYRO: 32683,1,1.998,3.775,-1.928
33161,1,0.332,0.958,99.259,28.73,0.000000,0.000000
GYRO: 33184,1,-1.696,-7.858,0.316
33661,1,0.463,0.968,99.263,28.75,0.000000,0.000000
GYRO: 33689,1,2.258,-1.217,-0.982
34162,1,0.154,0.958,99.265,28.75,0.000000,0.000000
GYRO: 34185,1,1.998,-3.645,-0.050
34664,1,0.157,0.968,99.263,28.73,0.000000,0.000000
GYRO: 34687,1,2.243,7.042,-1.302
35165,1,-0.116,0.955,99.266,28.75,0.000000,0.000000
GYRO: 35191,1,0.975,0.661,-0.753
35667,1,-0.165,0.963,99.258,28.72,0.000000,0.000000
GYRO: 35690,1,1.891,2.416,0.591
36168,1,-0.042,0.955,99.260,28.75,0.000000,0.000000
GYRO: 36192,1,2.456,4.310,-0.615
36669,1,0.090,0.960,99.260,28.76,0.000000,0.000000
GYRO: 36698,1,1.846,3.241,0.454
37170,1,0.137,0.955,99.264,28.76,0.000000,0.000000
GYRO: 37193,1,1.250,0.707,0.148
37672,1,0.107,0.968,99.263,28.77,0.000000,0.000000
GYRO: 37695,1,1.159,1.149,-0.035
38173,1,0.112,0.954,99.263,28.77,0.000000,0.000000
GYRO: 38197,1,0.136,-7.355,0.622
38675,1,-0.154,0.955,99.264,28.78,0.000000,0.000000
GYRO: 38699,1,-1.116,-5.477,-0.142
39177,1,-0.136,0.957,99.266,28.77,0.000000,0.000000
GYRO: 39201,1,-0.292,-1.690,-0.004
39679,1,-0.131,0.960,99.266,28.78,0.000000,0.000000
GYRO: 39707,1,1.601,2.004,0.286
40181,1,-0.211,0.949,99.262,28.77,0.000000,0.000000
GYRO: 40204,1,5.082,13.348,-2.340
40683,1,-0.341,0.964,99.268,28.80,0.000000,0.000000
GYRO: 40707,1,-0.383,-2.255,-0.920
41184,1,-0.063,0.954,99.259,28.78,0.000000,0.000000
GYRO: 41208,1,0.304,-0.637,-1.226
41685,1,-0.218,0.965,99.265,28.79,0.000000,0.000000
GYRO: 41709,1,-0.048,-1.171,1.232
42187,1,-0.286,0.953,99.266,28.79,0.000000,0.000000
GYRO: 42211,1,-1.834,-2.835,-0.798
42689,1,-0.286,0.962,99.263,28.79,0.000000,0.000000
GYRO: 42718,1,3.128,3.791,-0.264
43190,1,-0.508,0.954,99.262,28.77,0.000000,0.000000
GYRO: 43214,1,-0.277,-2.362,-0.539
43692,1,-0.329,0.956,99.264,28.79,0.000000,0.000000
GYRO: 43716,1,1.662,2.310,-0.279
44194,1,-0.259,0.953,99.264,28.79,0.000000,0.000000
GYRO: 44224,1,2.044,4.371,0.301
44696,1,-0.150,0.958,99.260,28.77,0.000000,0.000000
GYRO: 44720,1,2.395,5.546,-0.875
45198,1,-0.134,0.952,99.264,28.78,0.000000,0.000000
GYRO: 45221,1,0.426,0.233,-0.340
45701,1,0.170,0.967,99.263,28.79,0.000000,0.000000
GYRO: 45725,1,1.021,-0.561,-0.554
46202,1,-0.182,0.954,99.263,28.79,0.000000,0.000000
GYRO: 46226,1,1.097,-0.240,-0.768
46703,1,-0.159,0.963,99.267,28.79,0.000000,0.000000
GYRO: 46727,1,0.807,0.478,0.102
47205,1,-0.138,0.952,99.264,28.79,0.000000,0.000000
GYRO: 47228,1,0.044,0.050,-0.188
47707,1,-0.089,0.959,99.266,28.79,0.000000,0.000000
GYRO: 47731,1,0.868,0.584,-0.478
48209,1,0.152,0.957,99.259,28.79,0.000000,0.000000
GYRO: 48232,1,0.777,0.096,-0.401
48710,1,0.225,0.977,99.262,28.79,0.000000,0.000000
GYRO: 48734,1,0.945,-0.057,-0.340
49212,1,0.196,0.958,99.261,28.80,0.000000,0.000000
GYRO: 49235,1,0.166,-0.194,0.102
49715,1,0.349,0.981,99.256,28.77,0.000000,0.000000
GYRO: 49742,1,0.975,0.752,-0.356
50216,1,0.092,0.954,99.260,28.79,0.000000,0.000000
GYRO: 50243,1,1.052,0.981,-0.295
50718,1,0.175,0.955,99.259,28.80,0.000000,0.000000
GYRO: 50751,1,1.159,0.569,-0.203
51219,1,0.093,0.953,99.260,28.79,0.000000,0.000000
GYRO: 51246,1,0.487,-0.026,-0.264
51721,1,-0.130,0.958,99.265,28.80,0.000000,0.000000
GYRO: 51748,1,0.426,-0.316,-0.417
52224,1,-0.137,0.948,99.264,28.80,0.000000,0.000000
GYRO: 52251,1,0.930,0.325,-0.462
52726,1,0.097,0.962,99.264,28.79,0.000000,0.000000
GYRO: 52753,1,0.502,-0.179,-0.249
53228,1,-0.338,0.955,99.264,28.80,0.000000,0.000000
GYRO: 53255,1,0.472,-0.209,-0.417
53730,1,-0.092,0.959,99.265,28.80,0.000000,0.000000
GYRO: 53757,1,0.624,-0.286,-0.004
54232,1,-0.057,0.955,99.264,28.81,0.000000,0.000000
GYRO: 54259,1,1.479,2.004,-0.142
54733,1,-0.073,0.956,99.267,28.81,0.000000,0.000000
GYRO: 54760,1,2.670,6.691,0.057
55235,1,0.106,0.951,99.262,28.81,0.000000,0.000000
GYRO: 55262,1,-0.063,1.058,0.301
55736,1,0.196,0.969,99.265,28.81,0.000000,0.000000
GYRO: 55762,1,1.159,0.859,-2.081
56237,1,0.104,0.955,99.263,28.81,0.000000,0.000000
GYRO: 56264,1,1.723,2.401,-0.096
56738,1,0.295,0.961,99.257,28.81,0.000000,0.000000
GYRO: 56765,1,1.006,0.844,-0.264
57239,1,0.181,0.952,99.262,28.81,-28.135750,149.681824
GYRO: 57272,1,0.838,0.661,-0.157
57740,1,0.046,0.949,99.262,28.81,-28.135752,149.681824
GYRO: 57767,1,1.250,3.241,-0.432
58241,1,0.140,0.955,99.260,28.81,-28.135752,149.681824
GYRO: 58269,1,0.288,-0.851,-0.325
58743,1,0.135,0.947,99.261,28.82,-28.135754,149.681839
GYRO: 58771,1,0.349,-0.042,0.194
59245,1,0.031,0.951,99.261,28.82,-28.135754,149.681839
GYRO: 59272,1,1.449,2.111,-0.295
59746,1,0.056,0.950,99.264,28.83,-28.135752,149.681854
GYRO: 59774,1,-5.880,-11.797,-0.325
60247,1,-0.145,0.949,99.265,28.83,-28.135752,149.681854
GYRO: 60282,1,0.777,0.157,0.148
60748,1,-0.231,0.958,99.262,28.83,-28.135752,149.681854
GYRO: 60775,1,2.151,-0.988,0.438
61249,1,-0.020,0.956,99.262,28.83,-28.135752,149.681854
GYRO: 61277,1,-0.078,2.157,-0.508
61751,1,0.193,0.957,99.263,28.83,-28.135752,149.681870
GYRO: 61779,1,1.922,1.424,-0.218
62252,1,0.094,0.954,99.260,28.83,-28.135752,149.681870
GYRO: 62280,1,1.052,1.119,0.102
62756,1,0.073,0.958,99.264,28.84,-28.135754,149.681870
GYRO: 62783,1,0.685,0.310,-0.508
63256,1,0.137,0.956,99.263,28.84,-28.135754,149.681870
GYRO: 63455,1,1.220,-1.309,-1.134
63758,1,0.181,0.973,99.261,28.83,-28.135754,149.681870
GYRO: 63782,1,0.273,1.607,-0.585
64259,1,0.098,0.958,99.262,28.82,-28.135754,149.681870
GYRO: 64284,1,1.006,-0.133,-0.707
64760,1,0.033,0.966,99.266,28.82,-28.135752,149.681870
GYRO: 64784,1,2.288,0.905,0.240
65261,1,-0.082,0.957,99.264,28.82,-28.135752,149.681870
GYRO: 65285,1,2.441,16.432,0.102
65763,1,0.225,0.959,99.263,28.83,-28.135752,149.681870
GYRO: 65793,1,-0.704,-3.431,-0.004
66265,1,0.323,0.957,99.264,28.84,-28.135752,149.681870
GYRO: 66289,1,0.792,1.791,0.041
66766,1,0.087,0.956,99.265,28.83,-28.135748,149.681854
GYRO: 66790,1,2.151,2.035,-0.447
67268,1,0.057,0.957,99.261,28.83,-28.135748,149.681854
GYRO: 67292,1,4.807,3.455,-0.279
67769,1,0.079,0.958,99.260,28.85,-28.135748,149.681839
GYRO: 67793,1,1.235,0.218,-0.310
68270,1,0.319,0.960,99.262,28.85,-28.135748,149.681839
GYRO: 68294,1,0.639,-2.652,-0.340
68772,1,0.395,0.958,99.258,28.86,-28.135746,149.681839
GYRO: 68800,1,-1.483,-5.919,-0.661
69275,1,0.275,0.954,99.263,28.86,-28.135746,149.681839
GYRO: 69299,1,0.868,0.310,-0.310
69776,1,0.240,0.956,99.263,28.86,-28.135748,149.681839
GYRO: 69801,1,0.609,0.371,-0.203
70277,1,0.115,0.959,99.259,28.86,-28.135746,149.681824
GYRO: 70302,1,2.838,3.470,-0.020
70778,1,0.119,0.958,99.261,28.87,-28.135746,149.681824
GYRO: 70803,1,-1.666,-7.874,-0.004
71279,1,0.129,0.958,99.262,28.88,-28.135746,149.681824
GYRO: 71304,1,0.487,0.065,-0.661
71780,1,0.215,1.040,99.261,28.88,-28.135746,149.681824
GYRO: 71805,1,1.388,3.867,0.164
72281,1,0.375,0.955,99.258,28.89,-28.135744,149.681824
GYRO: 72305,1,-0.445,-3.980,-0.172
72782,1,0.310,0.956,99.260,28.89,-28.135744,149.681824
GYRO: 72806,1,-4.536,-9.431,0.133
73284,1,0.239,0.962,99.260,28.90,-28.135744,149.681824
GYRO: 73309,1,-1.147,-8.927,-0.600
73785,1,-0.129,0.957,99.266,28.91,-28.135744,149.681824
GYRO: 73810,1,1.036,-0.194,0.072
74286,1,-0.089,0.954,99.264,28.91,-28.135746,149.681824
GYRO: 74315,1,1.235,1.027,-0.279
74788,1,0.004,0.957,99.258,28.89,-28.135746,149.681824
GYRO: 74813,1,0.502,-0.438,-0.218
75289,1,0.348,0.956,99.258,28.92,-28.135748,149.681824
GYRO: 75313,1,-0.338,-1.202,-0.554
75790,1,0.322,0.956,99.261,28.93,-28.135748,149.681824
GYRO: 75815,1,-0.719,-3.446,0.087
76292,1,0.229,0.959,99.261,28.93,-28.135748,149.681824
GYRO: 76316,1,0.304,1.317,-0.050
76792,1,0.103,0.977,99.261,28.94,-28.135748,149.681824
GYRO: 76816,1,-2.154,-4.332,-0.172
77293,1,0.414,0.956,99.260,28.94,-28.135748,149.681824
GYRO: 77323,1,-1.834,-5.858,0.194
77794,1,0.406,0.948,99.256,28.93,-28.135748,149.681824
GYRO: 77818,1,-0.735,-2.530,0.896
78295,1,0.197,0.965,99.264,28.96,-28.135748,149.681824
GYRO: 78319,1,3.204,3.439,-0.432
78796,1,0.099,0.949,99.265,28.96,-28.135748,149.681824
GYRO: 78821,1,8.014,4.936,-0.814
79297,1,0.097,0.965,99.262,28.96,-28.135748,149.681824
GYRO: 79322,1,-0.032,-6.103,-0.127
79799,1,0.180,0.953,99.258,28.97,-28.135748,149.681824
GYRO: 79824,1,1.189,9.439,-0.722
80301,1,0.214,0.953,99.262,28.97,-28.135748,149.681824
GYRO: 80326,1,-5.055,-6.729,0.728
80803,1,0.418,0.954,99.259,28.98,-28.135748,149.681824
GYRO: 80827,1,0.578,6.691,-0.172
81304,1,0.434,0.960,99.259,28.98,-28.135748,149.681824
GYRO: 81331,1,-4.903,-10.805,0.591
81808,1,0.299,0.956,99.264,28.98,-28.135748,149.681824
GYRO: 81832,1,2.090,7.913,-0.508
82308,1,0.268,0.958,99.257,28.98,-28.135748,149.681824
GYRO: 82333,1,-2.093,0.004,0.118
82810,1,0.287,0.958,99.261,29.00,-28.135748,149.681824
GYRO: 82839,1,5.174,1.760,-0.661
83313,1,0.056,0.957,99.262,29.00,-28.135748,149.681824
GYRO: 83337,1,4.120,0.249,-0.218
83814,1,0.454,0.960,99.260,29.00,-28.135748,149.681824
GYRO: 83838,1,0.716,1.241,-0.310
84315,1,0.385,0.958,99.259,29.01,-28.135748,149.681824
GYRO: 84339,1,0.670,0.340,-0.447
84816,1,0.341,0.955,99.261,29.01,-28.135748,149.681824
GYRO: 84840,1,0.288,-0.591,-0.279
85317,1,0.490,0.958,99.258,29.01,-28.135748,149.681824
GYRO: 85341,1,0.930,0.447,-0.783
85818,1,0.375,0.953,99.260,29.02,-28.135748,149.681824
GYRO: 85847,1,0.945,-1.950,-0.875
86320,1,0.585,0.956,99.258,29.02,-28.135748,149.681824
GYRO: 86344,1,2.548,3.394,-0.600
86821,1,0.537,0.957,99.261,29.04,-28.135748,149.681824
GYRO: 86845,1,0.868,1.363,-0.310
87322,1,0.270,0.953,99.264,29.04,-28.135748,149.681808
GYRO: 87347,1,4.334,10.737,-0.615
87824,1,0.170,0.957,99.260,29.04,-28.135748,149.681808
GYRO: 87848,1,1.769,2.157,-0.066
88325,1,0.323,0.954,99.262,29.05,-28.135748,149.681824
GYRO: 88349,1,-0.460,1.439,-0.325
88826,1,0.054,0.951,99.264,29.06,-28.135748,149.681824
GYRO: 88851,1,-1.177,0.584,-0.401
89328,1,0.025,0.961,99.260,29.05,-28.135748,149.681824
GYRO: 89352,1,4.075,6.111,-0.600
89829,1,0.025,0.966,99.262,29.07,-28.135748,149.681824
GYRO: 89853,1,-7.009,-9.202,1.400
90330,1,-0.042,0.938,99.262,29.07,-28.135746,149.681824
GYRO: 90354,1,7.708,4.966,-0.539
90831,1,0.209,0.958,99.262,29.08,-28.135746,149.681824
GYRO: 90855,1,7.800,2.340,-1.119
91333,1,0.205,0.955,99.263,29.08,-28.135744,149.681824
GYRO: 91362,1,1.113,-5.767,-0.524
91835,1,-0.111,0.956,99.266,29.08,-28.135744,149.681824
GYRO: 91859,1,0.319,5.149,-0.630
92337,1,0.031,0.960,99.260,29.09,-28.135744,149.681824
GYRO: 92362,1,15.235,10.065,-1.669
92838,1,0.167,0.956,99.262,29.09,-28.135744,149.681824
GYRO: 92862,1,-3.864,-13.126,0.225
93340,1,0.067,0.959,99.260,29.09,-28.135744,149.681824
GYRO: 93364,1,0.288,2.936,0.606
93841,1,0.285,0.952,99.260,29.10,-28.135744,149.681824
GYRO: 93865,1,4.517,17.867,-0.722
94343,1,0.281,0.957,99.261,29.11,-28.135744,149.681824
GYRO: 94367,1,-5.986,-14.744,0.912
94845,1,0.241,0.956,99.262,29.11,-28.135744,149.681824
GYRO: 94869,1,0.823,2.539,-0.172
95346,1,0.225,0.959,99.259,29.11,-28.135744,149.681824
GYRO: 95370,1,5.891,14.187,-0.615
95848,1,0.169,0.960,99.264,29.13,-28.135744,149.681824
GYRO: 95872,1,-11.376,-18.591,1.202
96349,1,0.246,0.954,99.262,29.13,-28.135744,149.681808
GYRO: 96373,1,-0.933,1.531,-0.081
96851,1,0.475,0.956,99.259,29.14,-28.135744,149.681808
GYRO: 96891,1,2.868,9.943,-0.386
97353,1,0.580,0.957,99.258,29.13,-28.135744,149.681808
GYRO: 97381,1,6.548,8.020,-0.462
97854,1,0.423,0.963,99.256,29.12,-28.135744,149.681808
GYRO: 97881,1,-4.735,-7.782,0.652
98356,1,0.251,0.958,99.261,29.14,-28.135746,149.681808
GYRO: 98383,1,-1.925,-11.202,-0.233
98856,1,0.372,0.947,99.260,29.15,-28.135746,149.681808
GYRO: 98883,1,0.136,3.668,-0.157
99358,1,0.418,0.957,99.263,29.15,-28.135748,149.681808
GYRO: 99385,1,1.693,1.852,-0.554
99858,1,0.388,0.954,99.258,29.16,-28.135748,149.681808
GYRO: 99892,1,8.426,11.653,-0.676
100360,1,0.497,0.952,99.258,29.14,-28.135752,149.681808
GYRO: 100387,1,-0.368,-4.927,-0.249
100862,1,0.437,0.956,99.258,29.16,-28.135752,149.681808
GYRO: 100889,1,4.410,12.310,-0.936
101364,1,0.542,0.962,99.259,29.17,-28.135754,149.681808
GYRO: 101392,1,-4.307,-11.278,-0.050
101866,1,0.537,0.951,99.259,29.17,-28.135754,149.681808
GYRO: 101894,1,1.357,3.287,0.118
102368,1,0.278,0.965,99.257,29.17,-28.135754,149.681808
GYRO: 102395,1,6.365,2.386,-1.256
102870,1,0.327,0.958,99.260,29.18,-28.135754,149.681808
GYRO: 102897,1,2.334,-2.927,-0.066
103371,1,0.213,0.956,99.258,29.17,-28.135756,149.681793
GYRO: 103399,1,2.395,8.523,-0.111
103872,1,0.174,0.954,99.255,29.16,-28.135756,149.681793
GYRO: 103899,1,-5.254,-6.622,0.576
104374,1,0.480,0.958,99.259,29.19,-28.135756,149.681793
GYRO: 104401,1,1.754,0.859,-0.585
104876,1,0.033,0.959,99.259,29.19,-28.135756,149.681793
GYRO: 104903,1,-0.689,3.317,-0.691
105378,1,0.439,0.968,99.257,29.19,-28.135756,149.681793
GYRO: 105411,1,9.479,10.233,-0.798
105879,1,0.565,0.955,99.260,29.21,-28.135756,149.681793
GYRO: 105906,1,-5.086,-16.164,0.499
106381,1,0.653,0.954,99.255,29.19,-28.135756,149.681793
GYRO: 106408,1,0.395,-0.912,0.041
106884,1,0.646,0.956,99.257,29.21,-28.135756,149.681793
GYRO: 106911,1,2.701,8.569,-0.630
107386,1,0.568,0.958,99.259,29.21,-28.135756,149.681793
GYRO: 107413,1,5.403,8.218,-0.447
107888,1,0.660,0.958,99.257,29.21,-28.135756,149.681793
GYRO: 107915,1,5.555,4.508,-0.524
108389,1,0.547,0.953,99.258,29.23,-28.135756,149.681793
GYRO: 108590,1,-6.521,-8.835,0.515
108891,1,0.417,0.952,99.259,29.23,-28.135756,149.681793
GYRO: 108915,1,2.029,1.485,-0.218
109393,1,0.395,0.956,99.262,29.24,-28.135756,149.681793
GYRO: 109417,1,-4.261,-14.347,-0.401
109895,1,0.414,0.958,99.260,29.24,-28.135756,149.681793
GYRO: 109919,1,2.288,1.149,-0.325
110397,1,0.404,0.957,99.262,29.25,-28.135756,149.681793
GYRO: 110422,1,0.136,2.325,-0.066
110899,1,0.554,0.956,99.259,29.25,-28.135756,149.681793
GYRO: 110940,1,0.288,3.317,0.072
111401,1,0.709,0.956,99.257,29.24,-28.135754,149.681778
GYRO: 111426,1,0.395,5.394,-0.035
111902,1,0.572,0.953,99.257,29.23,-28.135754,149.681778
GYRO: 111929,1,3.540,10.844,-0.127
112404,1,0.296,0.956,99.259,29.25,-28.135754,149.681778
GYRO: 112429,1,3.021,11.378,-0.340
112905,1,0.629,0.956,99.258,29.25,-28.135754,149.681778
GYRO: 112930,1,1.067,13.714,-0.004
113406,1,0.496,0.956,99.259,29.26,-28.135756,149.681778
GYRO: 113431,1,2.975,11.348,-0.447
113908,1,0.434,0.952,99.263,29.27,-28.135756,149.681778
GYRO: 113933,1,0.838,6.539,-0.386
114410,1,0.355,0.955,99.262,29.27,-28.135756,149.681778
GYRO: 114435,1,0.762,14.065,-0.142
114911,1,0.266,0.954,99.255,29.24,-28.135756,149.681778
GYRO: 114936,1,2.548,16.676,0.041
115413,1,0.555,0.956,99.255,29.24,-28.135756,149.681778
GYRO: 115439,1,7.082,13.470,-0.875
115915,1,0.542,0.960,99.252,29.24,-28.135756,149.681778
GYRO: 115940,1,4.456,2.065,-0.142
116417,1,0.671,0.959,99.255,29.25,-28.135756,149.681778
GYRO: 116446,1,3.800,-0.438,-0.066
116918,1,0.691,0.955,99.259,29.28,-28.135756,149.681778
GYRO: 116943,1,0.380,-1.217,-0.859
117420,1,0.887,0.963,99.254,29.26,-28.135752,149.681778
GYRO: 117445,1,0.395,1.470,-0.035
117921,1,0.752,0.959,99.256,29.26,-28.135752,149.681778
GYRO: 117946,1,1.174,0.615,-0.295
118423,1,0.654,0.964,99.255,29.26,-28.135752,149.681793
GYRO: 118448,1,1.342,1.210,0.148
118925,1,0.407,0.960,99.258,29.26,-28.135752,149.681793
GYRO: 118950,1,0.456,-0.286,-0.066
119427,1,0.339,0.969,99.262,29.27,-28.135750,149.681793
GYRO: 119452,1,0.563,0.325,0.072
119927,1,0.481,0.962,99.259,29.25,-28.135750,149.681793
GYRO: 119952,1,0.731,0.218,-0.462
120429,1,0.405,0.958,99.260,29.27,-28.135750,149.681793
GYRO: 120454,1,1.052,0.569,-0.401
120931,1,0.573,0.967,99.258,29.26,-28.135750,149.681793
GYRO: 120956,1,0.502,0.355,-0.600
121433,1,0.632,0.988,99.256,29.26,-28.135748,149.681793
GYRO: 121458,1,1.174,0.508,0.484
121935,1,0.918,0.963,99.258,29.26,-28.135748,149.681793
GYRO: 121964,1,1.235,1.302,0.133
122436,1,0.878,0.965,99.255,29.26,-28.135748,149.681793
GYRO: 122461,1,0.731,-1.507,-0.325
122937,1,0.920,0.970,99.256,29.25,-28.135748,149.681793
GYRO: 122963,1,0.746,-0.576,0.057
123439,1,0.819,0.968,99.255,29.25,-28.135748,149.681793
GYRO: 123464,1,1.494,0.172,-0.524
123941,1,0.637,0.975,99.256,29.25,-28.135748,149.681793
GYRO: 123966,1,0.288,-0.896,-0.371
124442,1,0.588,0.962,99.255,29.24,-28.135748,149.681808
GYRO: 124467,1,0.578,-0.164,-0.356
124943,1,0.551,0.970,99.259,29.24,-28.135748,149.681808
GYRO: 124974,1,0.609,0.081,-0.829
125444,1,0.773,0.959,99.261,29.25,-28.135748,149.681808
GYRO: 125469,1,0.227,-0.729,-1.119
125945,1,0.663,1.538,99.257,29.23,-28.135748,149.681808
GYRO: 125970,1,1.082,0.371,-0.066
126447,1,0.406,0.962,99.256,29.21,-28.135748,149.681808
GYRO: 126472,1,0.502,-1.019,-0.188
126947,1,0.325,0.952,99.258,29.23,-28.135748,149.681808
GYRO: 126973,1,1.617,1.042,-0.203
127449,1,0.408,0.956,99.257,29.22,-28.135748,149.681808
GYRO: 127480,1,1.128,1.485,-0.508
127950,1,0.450,0.956,99.258,29.23,-28.135748,149.681808
GYRO: 127975,1,1.739,0.218,0.316
128451,1,0.459,0.958,99.263,29.23,-28.135748,149.681808
GYRO: 128477,1,1.357,-0.927,-0.004
128952,1,0.287,0.958,99.260,29.22,-28.135748,149.681808
GYRO: 128978,1,1.586,-6.194,-1.760
129454,1,0.507,0.959,99.258,29.21,-28.135746,149.681808
GYRO: 129480,1,0.212,0.523,-0.646
129955,1,0.431,0.949,99.260,29.21,-28.135746,149.681808
GYRO: 129980,1,-8.139,-15.095,0.622
130457,1,0.268,0.957,99.261,29.21,-28.135748,149.681808
GYRO: 130488,1,4.288,3.775,-0.524
130959,1,0.251,0.951,99.259,29.20,-28.135748,149.681808
GYRO: 130984,1,-0.429,-0.866,-0.035
131460,1,0.268,0.956,99.262,29.21,-28.135748,149.681808
GYRO: 131486,1,3.571,4.264,0.133
131961,1,0.285,0.955,99.261,29.21,-28.135748,149.681808
GYRO: 131987,1,0.639,4.172,1.003
132463,1,0.290,0.950,99.257,29.20,-28.135750,149.681808
GYRO: 132488,1,-2.063,-2.942,-0.493
132965,1,0.322,0.957,99.260,29.21,-28.135750,149.681808
GYRO: 132990,1,1.540,2.676,0.072
133466,1,0.298,0.956,99.259,29.22,-28.135748,149.681808
GYRO: 133491,1,0.639,0.584,-0.539
133967,1,0.138,0.956,99.261,29.22,-28.135748,149.681808
GYRO: 133992,1,0.945,-0.316,-0.478
134469,1,0.380,0.956,99.261,29.23,-28.135748,149.681808
GYRO: 134494,1,1.082,1.974,-0.340
134970,1,0.487,0.956,99.258,29.22,-28.135748,149.681808
GYRO: 134995,1,0.426,-0.820,-0.401
135471,1,0.366,0.954,99.262,29.23,-28.135748,149.681808
GYRO: 135496,1,1.052,0.539,-0.615
135972,1,0.416,0.953,99.261,29.23,-28.135748,149.681808
GYRO: 136003,1,0.975,-0.087,-0.004
136473,1,0.321,0.955,99.258,29.21,-28.135748,149.681808
GYRO: 136498,1,0.380,-1.080,-0.310
136974,1,0.256,0.954,99.260,29.23,-28.135748,149.681808
GYRO: 136999,1,1.021,1.729,-0.508
137476,1,0.396,0.957,99.261,29.23,-28.135750,149.681824
GYRO: 137501,1,0.502,-0.026,-0.188
137977,1,0.234,0.955,99.262,29.25,-28.135750,149.681824
GYRO: 138002,1,0.701,0.035,-0.142
138479,1,0.511,0.956,99.259,29.23,-28.135752,149.681824
GYRO: 138504,1,0.655,-0.683,-0.050
138980,1,0.310,0.954,99.262,29.24,-28.135752,149.681824
GYRO: 139006,1,1.113,0.951,-0.340
139482,1,0.186,0.955,99.260,29.24,-28.135750,149.681824
GYRO: 139508,1,0.823,-0.393,-0.478
139984,1,0.092,0.956,99.263,29.25,-28.135750,149.681824
GYRO: 140009,1,0.853,0.905,-0.386
140486,1,0.145,0.956,99.260,29.24,-28.135750,149.681824
GYRO: 140511,1,0.807,0.340,-0.539
140987,1,0.201,0.952,99.263,29.25,-28.135750,149.681824
GYRO: 141012,1,0.884,0.523,0.011
141489,1,0.296,0.956,99.263,29.26,-28.135750,149.681824
GYRO: 141524,1,0.105,-2.637,-0.356
141990,1,0.435,0.959,99.261,29.25,-28.135750,149.681824
GYRO: 142018,1,1.006,1.562,-0.050
142491,1,0.153,0.957,99.259,29.24,-28.135748,149.681824
GYRO: 142519,1,0.975,0.172,-0.264
142993,1,0.259,0.960,99.262,29.25,-28.135748,149.681824
GYRO: 143021,1,0.609,-0.744,-0.279
143494,1,0.432,0.953,99.263,29.25,-28.135748,149.681824
GYRO: 143522,1,-0.078,-1.003,-0.356
143995,1,-0.052,0.957,99.263,29.25,-28.135748,149.681824
GYRO: 144024,1,-0.368,-2.622,0.331
144497,1,-0.129,0.957,99.263,29.24,-28.135750,149.681839
GYRO: 144525,1,0.670,-0.729,-0.600
