18929,1,0.482,0.957,99.619,43.48,-28.133961,149.705109
GYRO: 19502,1,-2.115,-11.250,-0.697
19518,1,-0.158,0.957,99.624,43.47,-28.133961,149.705109
GYRO: 19547,1,0.038,1.925,2.051
20017,1,0.438,0.860,99.621,43.47,-28.133961,149.705109
GYRO: 20041,1,-1.687,2.536,0.417
20518,1,0.119,0.947,99.622,43.48,-28.133961,149.705109
GYRO: 20542,1,-2.756,-13.296,1.562
21020,1,0.323,0.866,99.618,43.47,-28.133961,149.705109
GYRO: 21044,1,-3.306,3.941,4.845
21522,1,0.273,0.898,99.621,43.47,-28.133961,149.705109
GYRO: 21546,1,0.419,1.055,0.539
22024,1,0.551,0.848,99.616,43.44,-28.133957,149.705109
GYRO: 22048,1,0.603,0.154,0.280
22525,1,0.247,1.015,99.623,43.46,-28.133957,149.705109
GYRO: 22550,1,-5.138,2.872,1.746
23026,1,0.190,0.877,99.622,43.45,-28.133951,149.705109
GYRO: 23051,1,-5.626,5.864,15.165
23527,1,0.035,0.852,99.619,43.43,-28.133951,149.705109
GYRO: 23552,1,-0.237,-2.441,7.654
24028,1,0.269,0.846,99.622,43.44,-28.133951,149.705109
GYRO: 24052,1,-0.573,0.490,1.227
24529,1,0.046,0.833,99.623,43.43,-28.133951,149.705109
GYRO: 24559,1,0.847,0.276,0.570
25030,1,0.161,0.853,99.621,43.42,-28.133951,149.705124
GYRO: 25054,1,-0.512,-0.365,-0.972
25531,1,0.382,0.826,99.624,43.42,-28.133951,149.705124
GYRO: 25555,1,2.725,-3.128,-3.338
26032,1,-0.020,0.849,99.624,43.42,-28.133949,149.705124
GYRO: 26057,1,2.816,-2.029,-4.682
26533,1,0.115,0.852,99.624,43.40,-28.133949,149.705124
GYRO: 26558,1,4.129,-4.731,-5.461
27035,1,0.170,0.857,99.622,43.39,-28.133947,149.705124
GYRO: 27060,1,4.114,-2.319,-10.957
27537,1,0.205,0.882,99.623,43.39,-28.133947,149.705124
GYRO: 27562,1,0.862,-0.258,-4.651
28038,1,-0.052,0.923,99.620,43.38,-28.133944,149.705124
GYRO: 28063,1,-0.145,0.215,-5.354
28539,1,0.091,0.929,99.621,43.37,-28.133944,149.705124
GYRO: 28564,1,-1.260,0.246,-1.262
29040,1,0.153,0.969,99.623,43.36,-28.133944,149.705124
GYRO: 29065,1,2.252,1.101,0.555
29541,1,-0.084,0.905,99.623,43.35,-28.133944,149.705124
GYRO: 29566,1,14.587,-3.281,-11.277
30042,1,-0.205,1.005,99.625,43.35,-28.133947,149.705124
GYRO: 30072,1,1.305,-0.090,0.326
30544,1,-0.155,0.973,99.625,43.35,-28.133947,149.705124
GYRO: 30568,1,-0.115,-1.128,1.700
31044,1,-0.118,0.966,99.622,43.34,-28.133947,149.705124
GYRO: 31069,1,-0.680,-0.701,1.746
31545,1,-0.249,1.004,99.623,43.34,-28.133947,149.705124
GYRO: 31570,1,-0.542,-0.411,0.768
32047,1,-0.378,0.964,99.626,43.34,-28.133947,149.705124
GYRO: 32072,1,-0.878,-0.014,0.723
32548,1,-0.150,0.995,99.621,43.32,-28.133947,149.705124
GYRO: 32573,1,-0.451,-0.548,0.097
33049,1,-0.258,0.961,99.625,43.32,-28.133947,149.705124
GYRO: 33078,1,0.022,0.063,0.555
33552,1,-0.133,0.977,99.620,43.31,-28.133947,149.705124
GYRO: 33577,1,-0.313,-0.441,-0.086
34054,1,-0.153,0.966,99.619,43.31,-28.133947,149.705124
GYRO: 34168,1,-1.138,-0.319,1.013
34556,1,0.038,1.095,99.621,43.30,-28.133947,149.705124
GYRO: 34581,1,-2.359,0.292,-0.865
35058,1,-0.123,0.963,99.624,43.29,-28.133951,149.705124
GYRO: 35083,1,-1.779,-0.273,0.524
35559,1,-0.272,1.043,99.624,43.29,-28.133951,149.705124
GYRO: 35583,1,0.664,-0.716,1.333
36061,1,-0.079,0.965,99.624,43.29,-28.133951,149.705124
GYRO: 36086,1,-0.359,-0.304,0.677
36562,1,-0.064,1.082,99.621,43.28,-28.133951,149.705124
GYRO: 36587,1,-0.588,-0.334,0.265
37064,1,-0.089,0.965,99.624,43.27,-28.133953,149.705124
GYRO: 37088,1,-0.420,-0.090,0.356
37566,1,-0.028,1.142,99.621,43.26,-28.133953,149.705124
GYRO: 37591,1,0.786,0.185,-0.102
38067,1,-0.067,0.968,99.621,43.25,-28.133957,149.705124
GYRO: 38092,1,0.007,-0.151,0.448
38569,1,0.060,1.104,99.620,43.24,-28.133957,149.705124
GYRO: 38598,1,-0.756,-0.258,0.112
39070,1,0.016,0.963,99.623,43.25,-28.133957,149.705124
GYRO: 39094,1,-0.145,-0.227,0.555
39571,1,-0.081,1.130,99.622,43.24,-28.133957,149.705124
GYRO: 39596,1,-0.451,-0.685,0.585
40072,1,0.101,0.967,99.619,43.23,-28.133959,149.705124
GYRO: 40097,1,-0.298,-1.174,1.181
40574,1,0.060,1.103,99.620,43.23,-28.133959,149.705124
GYRO: 40598,1,-0.481,0.002,1.242
41075,1,0.260,0.966,99.623,43.23,-28.133959,149.705124
GYRO: 41099,1,-0.939,-0.334,0.952
41576,1,0.077,1.120,99.621,43.22,-28.133959,149.705124
GYRO: 41600,1,-0.512,-0.350,0.524
42077,1,0.132,0.966,99.622,43.22,-28.133961,149.705124
GYRO: 42101,1,-0.374,-0.456,1.349
42578,1,0.183,1.129,99.621,43.22,-28.133961,149.705124
GYRO: 42603,1,-0.573,-0.426,0.219
43079,1,-0.011,0.963,99.624,43.21,-28.133961,149.705124
GYRO: 43104,1,-0.237,-0.533,0.478
43581,1,-0.187,1.050,99.623,43.21,-28.133961,149.705124
GYRO: 43606,1,-0.451,-0.227,0.081
44082,1,0.075,0.965,99.618,43.20,-28.133961,149.705124
GYRO: 44112,1,-0.466,-0.227,0.219
44584,1,0.145,1.114,99.620,43.20,-28.133961,149.705124
GYRO: 44609,1,0.221,-0.533,0.784
45085,1,-0.053,0.964,99.621,43.19,-28.133961,149.705124
GYRO: 45110,1,0.068,-0.456,1.089
45587,1,-0.015,1.010,99.621,43.19,-28.133961,149.705124
GYRO: 45612,1,-1.290,-0.197,0.127
46088,1,0.237,0.962,99.619,43.18,-28.133961,149.705124
GYRO: 46113,1,-0.955,-0.472,0.387
46589,1,0.101,0.998,99.621,43.18,-28.133961,149.705124
GYRO: 46614,1,1.366,0.322,-0.346
47091,1,0.157,0.966,99.622,43.17,-28.133963,149.705124
GYRO: 47121,1,0.542,-0.075,0.524
47592,1,0.179,1.095,99.619,43.16,-28.133963,149.705124
GYRO: 47616,1,-0.191,-0.258,0.372
48094,1,0.135,0.964,99.620,43.17,-28.133965,149.705124
GYRO: 48119,1,-0.573,0.292,0.310
48595,1,0.196,0.982,99.621,43.16,-28.133965,149.705124
GYRO: 48620,1,0.710,-1.037,0.784
49096,1,0.201,0.964,99.622,43.16,-28.133965,149.705124
GYRO: 49120,1,-0.283,0.399,-0.514
49598,1,0.201,0.986,99.622,43.15,-28.133965,149.705124
GYRO: 49628,1,0.007,-0.640,0.539
50099,1,0.336,0.963,99.622,43.14,-28.133965,149.705124
GYRO: 50163,1,-0.374,-0.609,0.219
50601,1,0.121,1.013,99.621,43.13,-28.133965,149.705124
GYRO: 50625,1,-0.802,-0.288,0.677
51103,1,0.046,0.902,99.619,43.11,-28.133965,149.705124
GYRO: 51127,1,0.313,-0.212,0.127
51605,1,0.059,0.991,99.621,43.12,-28.133965,149.705124
GYRO: 51630,1,-0.115,-0.487,0.372
52106,1,0.017,0.892,99.625,43.12,-28.133963,149.705124
GYRO: 52130,1,-0.130,-0.288,0.249
52607,1,-0.038,0.980,99.621,43.11,-28.133963,149.705124
GYRO: 52637,1,-0.558,-0.044,0.234
53110,1,0.139,0.879,99.620,43.09,-28.133961,149.705124
GYRO: 53134,1,-0.710,-0.380,0.127
53612,1,-0.232,0.983,99.624,43.10,-28.133961,149.705124
GYRO: 53637,1,-0.145,-0.472,0.051
54113,1,0.003,0.885,99.623,43.09,-28.133961,149.705124
GYRO: 54137,1,-0.008,-0.075,0.524
54615,1,0.192,0.981,99.620,43.08,-28.133961,149.705124
GYRO: 54640,1,-0.145,-0.166,-0.285
55117,1,0.156,0.874,99.620,43.07,-28.133961,149.705124
GYRO: 55142,1,-0.619,0.231,0.127
55618,1,0.287,0.987,99.621,43.06,-28.133961,149.705124
GYRO: 55647,1,-6.420,-1.113,2.204
56119,1,0.333,0.887,99.622,43.06,-28.133961,149.705124
GYRO: 56143,1,-12.237,-2.105,4.310
56620,1,0.113,0.893,99.619,43.04,-28.133961,149.705124
GYRO: 56644,1,-0.481,3.391,-4.957
57121,1,0.215,0.855,99.623,43.05,-28.133957,149.705124
GYRO: 57145,1,-0.237,14.368,-9.293
57622,1,0.151,0.968,99.622,43.05,-28.133957,149.705124
GYRO: 57647,1,15.916,7.284,-13.949
58123,1,0.241,1.033,99.619,43.03,-28.133953,149.705124
GYRO: 58147,1,55.198,-119.464,-36.728
58624,1,0.263,1.202,99.619,43.02,-28.133953,149.705124
GYRO: 58648,1,-3.825,1.223,-4.957
59125,1,0.227,0.953,99.621,43.03,-28.133951,149.705124
GYRO: 59149,1,-37.474,-162.517,-4.239
59626,1,0.551,1.355,99.620,43.04,-28.133951,149.705124
GYRO: 59650,1,-10.894,118.307,-4.392
60127,1,0.567,1.003,99.615,43.02,-28.133957,149.705124
GYRO: 60151,1,8.496,42.811,4.524
60629,1,0.807,1.403,99.618,43.05,-28.133957,149.705124
GYRO: 60653,1,25.091,107.666,22.265
61131,1,1.130,0.814,99.615,43.04,-28.133957,149.705109
GYRO: 61160,1,7.580,-13.418,-14.621
61634,1,1.086,1.344,99.618,43.05,-28.133957,149.705109
GYRO: 61658,1,21.045,-58.869,8.921
62135,1,0.821,1.010,99.616,43.04,-28.133957,149.705109
GYRO: 62159,1,2.129,-3.601,-6.300
62637,1,0.817,1.333,99.615,43.05,-28.133957,149.705109
GYRO: 62661,1,-0.909,7.589,-2.911
63139,1,0.884,1.002,99.615,43.04,-28.133957,149.705109
GYRO: 63163,1,-6.145,15.650,-10.193
63641,1,0.897,1.344,99.618,43.06,-28.133957,149.705109
GYRO: 63665,1,4.877,21.330,21.578
64142,1,0.779,0.977,99.619,43.06,-28.133957,149.705109
GYRO: 64166,1,-5.519,4.780,-2.224
64644,1,0.701,1.353,99.619,43.06,-28.133953,149.705109
GYRO: 64668,1,-3.626,53.681,-0.575
65146,1,0.817,0.962,99.615,43.07,-28.133953,149.705109
GYRO: 65170,1,-12.390,72.337,-14.010
65647,1,0.924,1.298,99.616,43.07,-28.133951,149.705109
GYRO: 65671,1,1.641,-118.792,-0.804
66148,1,1.055,1.010,99.614,43.06,-28.133951,149.705109
GYRO: 66172,1,-8.084,99.208,1.165
66649,1,1.020,1.317,99.615,43.07,-28.133951,149.705109
GYRO: 66678,1,-16.756,20.414,5.715
67150,1,0.997,0.963,99.614,43.07,-28.133951,149.705109
GYRO: 67174,1,-7.275,-21.281,-11.048
67651,1,1.019,1.283,99.615,43.07,-28.133953,149.705109
GYRO: 67675,1,-5.687,6.047,-5.430
68152,1,1.019,0.971,99.616,43.08,-28.133953,149.705109
GYRO: 68176,1,2.404,3.513,-2.422
68653,1,1.025,1.240,99.615,43.08,-28.133953,149.705093
GYRO: 68677,1,4.328,0.612,3.394
69155,1,0.974,0.976,99.613,43.07,-28.133953,149.705093
GYRO: 69179,1,-5.458,-9.892,-4.453
69657,1,0.978,1.373,99.615,43.07,-28.133951,149.705093
GYRO: 69681,1,-3.642,4.872,-3.079
70159,1,0.949,0.975,99.613,43.07,-28.133951,149.705093
GYRO: 70183,1,8.084,-19.342,-1.170
70660,1,1.137,1.285,99.614,43.07,-28.133951,149.705093
GYRO: 70685,1,-4.039,-8.075,-2.560
71161,1,1.164,1.002,99.615,43.08,-28.133951,149.705093
GYRO: 71185,1,0.496,-11.586,0.005
71662,1,0.778,1.256,99.615,43.07,-28.133951,149.705093
GYRO: 71686,1,-2.344,6.108,-0.865
72164,1,0.937,0.996,99.615,43.08,-28.133951,149.705093
GYRO: 72193,1,-0.619,-9.601,-0.499
72665,1,1.026,1.340,99.614,43.08,-28.133951,149.705093
GYRO: 72689,1,-0.451,4.490,0.112
73167,1,1.031,1.006,99.614,43.08,-28.133951,149.705093
GYRO: 73191,1,-2.161,1.498,0.265
73668,1,0.923,1.302,99.615,43.08,-28.133951,149.705093
GYRO: 73693,1,-0.894,2.673,2.952
74169,1,0.912,0.989,99.614,43.08,-28.133951,149.705093
GYRO: 74193,1,-1.046,11.544,2.143
74670,1,1.059,1.279,99.617,43.08,-28.133951,149.705093
GYRO: 74694,1,0.267,-2.548,0.036
75172,1,0.876,0.995,99.614,43.06,-28.133951,149.705093
GYRO: 75202,1,-0.939,-5.159,-1.674
75674,1,1.084,1.340,99.617,43.09,-28.133951,149.705093
GYRO: 75698,1,-4.313,5.727,-0.483
76176,1,1.000,0.990,99.615,43.08,-28.133951,149.705093
GYRO: 76201,1,-1.000,0.093,0.204
76678,1,0.969,1.269,99.616,43.08,-28.133953,149.705093
GYRO: 76702,1,0.175,-2.685,-1.766
77180,1,1.105,0.988,99.611,43.06,-28.133953,149.705093
GYRO: 77204,1,-0.542,-7.266,-1.980
77681,1,1.223,1.296,99.614,43.07,-28.133953,149.705093
GYRO: 77705,1,-0.176,-8.899,-2.957
78183,1,1.183,0.984,99.614,43.07,-28.133953,149.705093
GYRO: 78207,1,-1.703,4.658,7.456
78684,1,1.211,1.212,99.611,43.06,-28.133953,149.705093
GYRO: 78709,1,-2.100,0.322,-3.659
79186,1,1.197,0.994,99.614,43.06,-28.133953,149.705093
GYRO: 79211,1,-3.489,-4.517,-2.850
79688,1,1.337,1.216,99.614,43.06,-28.133953,149.705093
GYRO: 79712,1,-0.558,-7.693,-1.354
80190,1,1.247,0.985,99.613,43.06,-28.133953,149.705093
GYRO: 80217,1,1.183,-1.082,2.112
80692,1,1.302,1.270,99.611,43.06,-28.133953,149.705093
GYRO: 80722,1,-0.832,4.047,1.364
81193,1,1.240,0.969,99.614,43.06,-28.133953,149.705093
GYRO: 81217,1,-0.451,-10.548,1.547
81694,1,0.936,1.189,99.614,43.06,-28.133957,149.705093
GYRO: 81719,1,-0.313,1.360,-0.056
82196,1,1.266,0.980,99.614,43.06,-28.133957,149.705093
GYRO: 82220,1,0.313,-11.174,0.478
82697,1,1.123,1.224,99.614,43.07,-28.133957,149.705093
GYRO: 82721,1,-0.390,5.483,1.746
83198,1,1.224,1.008,99.613,43.06,-28.133957,149.705093
GYRO: 83223,1,-1.061,3.910,-0.224
83699,1,1.184,1.299,99.614,43.06,-28.133957,149.705093
GYRO: 83728,1,0.526,-4.533,1.303
84200,1,1.043,0.993,99.614,43.06,-28.133957,149.705093
GYRO: 84225,1,-0.588,-3.647,0.341
84701,1,1.082,1.231,99.612,43.06,-28.133957,149.705093
GYRO: 84726,1,-1.703,16.475,2.280
85203,1,0.962,1.009,99.616,43.06,-28.133957,149.705093
GYRO: 85227,1,-0.634,9.544,3.165
85705,1,0.811,1.172,99.617,43.06,-28.133957,149.705093
GYRO: 85730,1,-1.245,-19.037,-13.232
86207,1,0.843,1.044,99.616,43.07,-28.133957,149.705093
GYRO: 86231,1,-2.527,12.002,-6.010
86708,1,0.823,1.288,99.614,43.06,-28.133957,149.705093
GYRO: 86733,1,2.969,-3.464,-0.773
87210,1,0.873,1.037,99.615,43.06,-28.133957,149.705093
GYRO: 87234,1,4.282,30.765,5.914
87711,1,1.125,1.241,99.617,43.06,-28.133953,149.705093
GYRO: 87735,1,-7.184,0.215,-11.140
88213,1,1.001,1.063,99.614,43.05,-28.133953,149.705093
GYRO: 88237,1,-25.794,39.269,-18.163
88714,1,1.237,1.203,99.612,43.05,-28.133951,149.705093
GYRO: 88738,1,35.564,-60.090,-2.865
89216,1,1.405,1.048,99.612,43.04,-28.133951,149.705093
GYRO: 89245,1,-11.168,6.612,-7.308
89717,1,1.238,1.327,99.615,43.04,-28.133945,149.705078
GYRO: 89742,1,-31.336,-6.029,-17.369
90219,1,1.063,0.964,99.615,43.03,-28.133945,149.705078
GYRO: 90243,1,26.022,-23.617,16.967
90721,1,1.182,1.256,99.616,43.03,-28.133940,149.705078
GYRO: 90745,1,-5.336,23.467,-12.346
91222,1,1.171,1.071,99.615,43.04,-28.133940,149.705078
GYRO: 91247,1,3.152,24.734,-10.590
91723,1,1.140,1.283,99.614,43.02,-28.133932,149.705078
GYRO: 91747,1,36.542,58.170,10.066
92225,1,1.385,1.044,99.612,43.03,-28.133932,149.705078
GYRO: 92249,1,-33.916,-7.647,21.746
92726,1,1.479,1.226,99.610,43.02,-28.133928,149.705063
GYRO: 92751,1,-8.955,-3.388,22.707
93228,1,1.533,1.006,99.609,43.01,-28.133928,149.705063
GYRO: 93252,1,-6.848,-45.220,-12.896
93729,1,1.722,1.282,99.612,43.02,-28.133921,149.705063
GYRO: 93753,1,7.549,21.208,-26.758
94230,1,1.445,1.016,99.611,43.02,-28.133921,149.705063
GYRO: 94254,1,12.053,-16.273,15.227
94732,1,1.251,1.306,99.614,43.02,-28.133911,149.705048
GYRO: 94882,1,-23.978,72.780,29.746
95233,1,1.157,1.370,99.612,43.01,-28.133911,149.705048
GYRO: 95257,1,-6.542,-36.105,8.967
95734,1,1.100,1.206,99.611,43.01,-28.133904,149.705048
GYRO: 95761,1,-0.512,-70.930,-33.934
96235,1,1.307,1.060,99.615,43.01,-28.133904,149.705048
GYRO: 96260,1,2.465,-51.510,-29.491
96737,1,1.229,1.219,99.615,43.01,-28.133898,149.705017
GYRO: 96762,1,-5.962,-13.937,3.746
97239,1,1.051,1.082,99.613,43.00,-28.133898,149.705017
GYRO: 97263,1,-18.359,-77.525,-6.377
97740,1,1.283,1.348,99.615,43.01,-28.133892,149.705017
GYRO: 97764,1,-44.405,62.276,-6.407
98242,1,1.232,1.009,99.612,43.00,-28.133892,149.705017
GYRO: 98266,1,11.000,24.032,-0.911
98743,1,1.026,1.155,99.614,43.01,-28.133884,149.705002
GYRO: 98767,1,-13.413,-14.777,-2.117
99244,1,0.968,1.075,99.616,43.02,-28.133884,149.705002
GYRO: 99268,1,-21.458,-42.563,-23.003
99745,1,1.168,1.252,99.617,43.02,-28.133877,149.705002
GYRO: 99769,1,3.946,-33.418,-6.667
100246,1,0.946,1.097,99.615,43.02,-28.133877,149.705002
GYRO: 100274,1,4.710,49.895,3.639
100749,1,0.986,1.134,99.615,43.01,-28.133867,149.704987
GYRO: 100773,1,31.870,10.108,33.349
101251,1,0.998,1.097,99.615,43.02,-28.133867,149.704987
GYRO: 101276,1,17.229,10.353,20.005
101752,1,0.838,1.279,99.616,43.02,-28.133860,149.704987
GYRO: 101777,1,11.702,33.574,27.242
102253,1,0.854,1.037,99.615,43.02,-28.133860,149.704987
GYRO: 102278,1,-5.687,-35.724,8.234
102754,1,1.118,1.251,99.613,43.02,-28.133852,149.704971
GYRO: 102778,1,5.610,-34.716,-18.346
103255,1,0.911,1.089,99.615,43.01,-28.133852,149.704971
GYRO: 103279,1,14.710,-44.014,26.814
103757,1,1.145,1.238,99.614,43.01,-28.133848,149.704971
GYRO: 103781,1,-30.832,8.307,13.914
104258,1,1.030,1.142,99.614,43.02,-28.133848,149.704971
GYRO: 104282,1,-24.802,-71.296,-24.239
104759,1,0.967,1.248,99.616,43.02,-28.133841,149.704971
GYRO: 104784,1,34.084,63.070,34.326
105261,1,1.017,1.081,99.613,43.00,-28.133841,149.704971
GYRO: 105285,1,-0.268,-20.975,16.127
105763,1,1.014,1.209,99.618,43.03,-28.133835,149.704956
GYRO: 105791,1,-2.970,61.635,-10.499
106264,1,0.937,1.041,99.613,43.02,-28.133835,149.704956
GYRO: 106288,1,26.068,-93.953,-11.140
106765,1,1.207,1.253,99.614,43.02,-28.133827,149.704956
GYRO: 106789,1,-46.145,15.254,8.295
107266,1,1.283,1.129,99.612,43.02,-28.133827,149.704956
GYRO: 107290,1,-24.817,88.078,27.410
107768,1,1.035,1.195,99.613,43.02,-28.133823,149.704941
GYRO: 107792,1,-6.008,-87.098,-13.308
108269,1,1.355,1.110,99.615,43.02,-28.133823,149.704941
GYRO: 108312,1,22.389,-28.426,-33.766
108770,1,1.127,1.243,99.612,43.02,-28.133816,149.704941
GYRO: 108794,1,18.954,75.605,31.288
109272,1,1.148,1.142,99.614,43.03,-28.133816,149.704941
GYRO: 109297,1,-31.321,17.498,17.715
109773,1,1.271,1.280,99.613,43.02,-28.133808,149.704941
GYRO: 109798,1,-8.939,-14.090,10.875
110274,1,1.084,1.046,99.613,43.03,-28.133808,149.704941
GYRO: 110299,1,34.419,-12.609,-9.491
110775,1,1.198,1.208,99.612,43.02,-28.133801,149.704926
GYRO: 110804,1,9.748,-61.739,-1.232
111277,1,1.433,1.136,99.612,43.03,-28.133801,149.704926
GYRO: 111302,1,6.771,-5.113,-0.453
111779,1,0.962,1.259,99.615,43.03,-28.133795,149.704926
GYRO: 111804,1,1.427,-87.601,15.578
112280,1,1.063,1.133,99.613,43.04,-28.133795,149.704926
GYRO: 112305,1,-14.130,29.101,35.074
112781,1,1.223,1.196,99.613,43.04,-28.133787,149.704910
GYRO: 112806,1,-17.718,-19.235,-14.819
113282,1,1.181,1.133,99.614,43.05,-28.133787,149.704910
GYRO: 113307,1,-2.894,-119.693,-33.644
113784,1,1.136,1.250,99.615,43.05,-28.133780,149.704910
GYRO: 113815,1,2.511,-41.968,-20.315
114286,1,1.115,1.162,99.616,43.05,-28.133780,149.704910
GYRO: 114311,1,0.511,86.566,46.707
114788,1,1.152,1.108,99.613,43.05,-28.133772,149.704895
GYRO: 114813,1,0.755,51.177,22.127
115290,1,1.400,1.133,99.611,43.04,-28.133772,149.704895
GYRO: 115315,1,-25.916,-18.777,-6.926
115792,1,1.216,1.119,99.614,43.04,-28.133764,149.704895
GYRO: 115817,1,15.259,-137.006,-45.583
116294,1,1.294,1.164,99.614,43.05,-28.133764,149.704895
GYRO: 116319,1,-9.443,16.734,21.013
116797,1,1.116,1.227,99.614,43.04,-28.133757,149.704895
GYRO: 116822,1,-16.145,51.971,15.746
117299,1,1.159,1.107,99.616,43.05,-28.133757,149.704895
GYRO: 117324,1,28.847,-18.975,36.204
117801,1,1.453,1.117,99.614,43.06,-28.133751,149.704880
GYRO: 117826,1,-21.901,-42.792,16.219
118302,1,1.236,1.157,99.612,43.05,-28.133751,149.704880
GYRO: 118327,1,6.862,-9.769,-23.949
118803,1,1.101,1.212,99.612,43.05,-28.133741,149.704880
GYRO: 118828,1,2.954,-50.304,-3.109
119305,1,1.275,1.164,99.611,43.05,-28.133741,149.704880
GYRO: 119336,1,-27.886,16.628,-17.934
119806,1,1.292,1.222,99.613,43.05,-28.133732,149.704880
GYRO: 119831,1,-16.436,-41.021,30.616
120308,1,1.498,1.147,99.606,43.03,-28.133732,149.704880
GYRO: 120333,1,-18.466,-35.968,-36.896
120809,1,1.584,1.239,99.612,43.05,-28.133726,149.704865
GYRO: 120834,1,-6.558,27.910,-22.377
121310,1,1.659,1.219,99.611,43.06,-28.133726,149.704865
GYRO: 121335,1,19.900,20.918,9.120
121812,1,1.779,1.235,99.611,43.06,-28.133717,149.704865
GYRO: 121841,1,1.045,182.444,29.379
122312,1,1.694,1.056,99.609,43.06,-28.133717,149.704865
GYRO: 122337,1,6.511,72.276,-15.323
122813,1,1.518,1.146,99.612,43.06,-28.133707,149.704865
GYRO: 122838,1,-12.039,-125.159,-26.209
123314,1,1.345,1.181,99.610,43.06,-28.133707,149.704865
GYRO: 123339,1,-8.298,-25.846,-9.323
123815,1,1.371,1.239,99.611,43.06,-28.133699,149.704849
GYRO: 123840,1,4.877,-1.663,12.570
124316,1,1.566,1.195,99.613,43.07,-28.133699,149.704849
GYRO: 124341,1,6.496,-92.288,10.020
124817,1,1.450,1.253,99.608,43.06,-28.133692,149.704849
GYRO: 124842,1,-16.481,-32.227,6.814
125319,1,1.365,1.144,99.610,43.06,-28.133692,149.704849
GYRO: 125344,1,-5.626,58.032,20.341
125821,1,1.627,1.163,99.610,43.06,-28.133684,149.704849
GYRO: 125846,1,7.534,-1.922,5.623
126323,1,1.538,1.147,99.609,43.06,-28.133684,149.704849
GYRO: 126348,1,5.198,6.322,-7.201
126824,1,1.604,1.212,99.610,43.07,-28.133677,149.704834
GYRO: 126849,1,7.519,-13.830,-7.140
127325,1,1.440,1.210,99.613,43.07,-28.133677,149.704834
GYRO: 127355,1,-5.978,30.887,-9.598
127827,1,1.370,1.195,99.609,43.07,-28.133665,149.704834
GYRO: 127926,1,5.534,-16.090,37.669
128329,1,1.518,1.138,99.612,43.07,-28.133665,149.704834
GYRO: 128355,1,17.503,101.208,8.433
128830,1,1.580,1.154,99.609,43.08,-28.133656,149.704834
GYRO: 128856,1,-4.787,-16.716,-18.743
129333,1,1.459,1.180,99.612,43.08,-28.133656,149.704834
GYRO: 129359,1,14.267,-52.869,-14.606
129834,1,1.594,1.168,99.610,43.07,-28.133648,149.704819
GYRO: 129859,1,-14.924,40.918,-9.552
130336,1,1.457,1.183,99.611,43.09,-28.133648,149.704819
GYRO: 130361,1,-4.939,17.818,37.639
130838,1,1.414,1.106,99.614,43.09,-28.133640,149.704819
GYRO: 130864,1,12.084,-107.998,20.707
131339,1,1.677,1.169,99.607,43.08,-28.133640,149.704819
GYRO: 131364,1,7.534,86.994,9.532
131841,1,1.747,1.043,99.607,43.08,-28.133631,149.704819
GYRO: 131866,1,37.610,19.971,1.440
132344,1,1.634,1.163,99.609,43.09,-28.133631,149.704819
GYRO: 132370,1,-16.787,-98.182,-7.552
132845,1,1.759,1.249,99.611,43.09,-28.133621,149.704803
GYRO: 132875,1,-21.855,104.246,0.356
133347,1,1.910,1.202,99.607,43.08,-28.133621,149.704803
GYRO: 133373,1,-18.512,-50.350,-8.224
133848,1,1.986,1.172,99.608,43.09,-28.133612,149.704803
GYRO: 133873,1,-8.878,27.101,-9.003
134350,1,2.105,1.183,99.607,43.09,-28.133612,149.704803
GYRO: 134376,1,5.458,20.811,41.486
134851,1,2.011,1.062,99.610,43.09,-28.133604,149.704803
GYRO: 134877,1,-16.374,-50.945,-8.896
135352,1,2.293,1.218,99.604,43.09,-28.133604,149.704803
GYRO: 135383,1,7.106,47.345,-16.636
135853,1,2.177,1.129,99.608,43.09,-28.133596,149.704788
GYRO: 135879,1,28.832,-52.716,-22.193
136354,1,2.233,1.276,99.604,43.07,-28.133596,149.704788
GYRO: 136379,1,-18.313,3.620,12.784
136855,1,2.093,1.137,99.606,43.07,-28.133587,149.704788
GYRO: 136881,1,-14.527,-67.159,22.646
137357,1,2.120,1.166,99.606,43.07,-28.133587,149.704788
GYRO: 137383,1,-5.000,-29.998,-20.987
137859,1,1.897,1.113,99.610,43.09,-28.133575,149.704788
GYRO: 137885,1,-2.008,-78.563,-36.041
138361,1,1.821,1.183,99.608,43.09,-28.133575,149.704788
GYRO: 138387,1,-1.168,-7.464,3.746
138862,1,2.002,1.152,99.605,43.09,-28.133568,149.704773
GYRO: 139064,1,13.290,48.872,-8.972
139363,1,1.211,1.517,99.609,43.08,-28.133568,149.704773
GYRO: 139430,1,27.152,37.483,-10.254
139864,1,1.561,1.129,99.606,43.08,-28.133560,149.704773
GYRO: 139890,1,8.450,46.490,47.425
140366,1,2.092,1.182,99.607,43.08,-28.133560,149.704773
GYRO: 140392,1,-1.031,13.238,27.089
140869,1,2.087,1.050,99.608,43.08,-28.133551,149.704773
GYRO: 140901,1,-4.436,57.345,-42.483
141370,1,2.261,1.187,99.606,43.06,-28.133551,149.704773
GYRO: 141402,1,35.015,-119.052,-30.667
141871,1,2.231,1.160,99.607,43.06,-28.133539,149.704773
GYRO: 141897,1,0.648,17.177,0.860
142373,1,2.249,1.249,99.603,43.05,-28.133539,149.704773
GYRO: 142399,1,-8.619,-20.151,29.410
142875,1,2.364,1.148,99.602,43.04,-28.133532,149.704758
GYRO: 142901,1,-12.466,-162.991,6.112
143378,1,2.602,1.265,99.599,43.03,-28.133532,149.704758
GYRO: 143404,1,-7.321,-33.113,0.784
143879,1,2.701,1.053,99.604,43.02,-28.133524,149.704758
GYRO: 143905,1,1.916,49.513,48.310
144381,1,2.388,1.220,99.603,43.03,-28.133524,149.704758
GYRO: 144407,1,-12.680,122.612,7.944
144883,1,2.479,1.069,99.601,43.02,-28.133514,149.704758
GYRO: 144909,1,0.954,11.391,-2.102
145385,1,2.833,1.230,99.603,43.01,-28.133514,149.704758
GYRO: 145411,1,-3.855,-109.174,-31.109
145888,1,2.707,1.149,99.604,43.00,-28.133507,149.704742
GYRO: 145913,1,-26.848,129.712,-7.476
146390,1,2.661,1.196,99.604,42.99,-28.133507,149.704742
GYRO: 146421,1,-22.817,28.399,17.181
146891,1,2.633,1.015,99.601,42.98,-28.133497,149.704742
GYRO: 146917,1,-20.008,43.421,4.616
147393,1,2.445,1.218,99.603,42.97,-28.133497,149.704742
GYRO: 147418,1,30.740,118.231,-6.758
147895,1,2.621,1.029,99.601,42.99,-28.133488,149.704742
GYRO: 147921,1,34.755,-92.991,-34.178
148397,1,2.671,1.197,99.604,42.99,-28.133488,149.704742
GYRO: 148423,1,15.183,-111.235,-6.209
148900,1,2.540,1.074,99.602,42.98,-28.133480,149.704727
GYRO: 148930,1,-15.397,-30.517,10.509
149402,1,2.488,1.290,99.603,43.00,-28.133480,149.704727
GYRO: 149428,1,-23.092,-61.434,16.845
149904,1,2.519,1.067,99.605,42.99,-28.133472,149.704727
GYRO: 149929,1,0.481,6.841,27.975
150404,1,2.394,1.123,99.607,43.00,-28.133472,149.704727
GYRO: 150430,1,28.816,-12.533,-6.010
150906,1,2.434,1.050,99.601,42.96,-28.133465,149.704727
GYRO: 150931,1,-2.542,-94.365,-34.346
151407,1,2.365,1.265,99.607,42.99,-28.133465,149.704727
GYRO: 151433,1,-19.184,-7.892,-0.896
151908,1,2.364,1.028,99.603,42.97,-28.133455,149.704697
GYRO: 151934,1,-13.138,152.811,-8.636
152411,1,2.637,1.233,99.604,42.96,-28.133455,149.704697
GYRO: 152436,1,22.404,-56.746,-21.033
152913,1,2.369,1.024,99.603,42.93,-28.133448,149.704697
GYRO: 152938,1,-7.352,-121.388,-29.354
153414,1,2.587,1.280,99.601,42.94,-28.133448,149.704697
GYRO: 153439,1,-41.321,63.849,-11.705
153916,1,2.529,1.061,99.603,42.93,-28.133442,149.704697
GYRO: 153942,1,12.923,3.559,75.898
154417,1,2.862,1.244,99.599,42.93,-28.133442,149.704697
GYRO: 154447,1,20.343,81.574,6.295
154918,1,2.741,1.053,99.600,42.92,-28.133432,149.704697
GYRO: 154944,1,30.129,38.124,0.707
155421,1,2.840,1.211,99.601,42.90,-28.133432,149.704697
GYRO: 155447,1,30.984,-19.098,-27.827
155923,1,2.807,1.098,99.599,42.90,-28.133425,149.704681
GYRO: 155949,1,-47.581,-70.609,25.043
156425,1,2.984,1.257,99.600,42.90,-28.133425,149.704681
GYRO: 156451,1,-9.871,70.582,38.692
156926,1,3.192,1.059,99.597,42.88,-28.133413,149.704681
GYRO: 156955,1,-22.756,-57.876,20.463
157427,1,3.219,1.163,99.595,42.87,-28.133413,149.704681
GYRO: 157453,1,11.091,75.910,-14.346
157929,1,3.348,1.044,99.598,42.88,-28.133404,149.704666
GYRO: 157954,1,27.702,-56.991,-24.514
158431,1,3.254,1.226,99.598,42.86,-28.133404,149.704666
GYRO: 158457,1,-3.916,0.979,-35.094
158933,1,2.807,1.073,99.601,42.86,-28.133396,149.704666
GYRO: 158958,1,3.305,-39.708,20.463
159435,1,2.574,1.286,99.603,42.85,-28.133396,149.704666
GYRO: 159460,1,-20.710,-17.586,26.356
159936,1,2.612,1.031,99.603,42.84,-28.133389,149.704666
GYRO: 159966,1,-4.726,69.864,22.845
160438,1,2.777,1.168,99.606,42.83,-28.133389,149.704666
GYRO: 160463,1,-13.184,22.505,10.188
160939,1,2.055,0.969,99.609,42.82,-28.133377,149.704666
GYRO: 160965,1,14.007,-23.647,4.020
161442,1,1.924,1.232,99.608,42.81,-28.133377,149.704666
GYRO: 161468,1,-11.229,44.765,-11.842
161943,1,2.070,1.032,99.609,42.80,-28.133368,149.704651
GYRO: 161969,1,11.671,-63.052,-23.338
162444,1,2.132,1.275,99.609,42.80,-28.133368,149.704651
GYRO: 162475,1,9.183,37.284,-22.804
162946,1,2.239,1.069,99.607,42.79,-28.133360,149.704651
GYRO: 162971,1,0.786,-23.663,26.768
163447,1,2.363,1.248,99.603,42.78,-28.133360,149.704651
GYRO: 163473,1,-12.100,29.360,38.280
163950,1,2.347,0.991,99.604,42.78,-28.133348,149.704636
GYRO: 163976,1,-8.634,3.192,3.349
164451,1,2.341,1.281,99.606,42.78,-28.133348,149.704636
GYRO: 164476,1,-3.611,80.337,1.608
164953,1,2.241,0.988,99.602,42.76,-28.133341,149.704636
GYRO: 164979,1,2.877,-19.983,-42.896
165454,1,2.252,1.310,99.605,42.76,-28.133341,149.704636
GYRO: 165479,1,6.648,-75.998,16.967
165956,1,2.372,1.038,99.604,42.76,-28.133331,149.704636
GYRO: 165982,1,-24.771,12.933,26.234
166458,1,2.213,1.319,99.604,42.75,-28.133331,149.704636
GYRO: 166484,1,-24.527,74.475,20.707
166959,1,2.775,0.997,99.603,42.75,-28.133324,149.704636
GYRO: 166985,1,1.274,-178.609,2.967
167461,1,2.709,1.282,99.604,42.73,-28.133324,149.704636
GYRO: 167487,1,-5.260,102.597,-44.544
167962,1,2.779,1.022,99.603,42.73,-28.133314,149.704620
GYRO: 167993,1,19.137,-48.151,-12.819
168463,1,2.772,1.368,99.600,42.71,-28.133314,149.704620
GYRO: 168489,1,-11.413,-10.533,1.929
168964,1,2.807,1.089,99.603,42.72,-28.133307,149.704620
GYRO: 168989,1,7.656,-107.113,15.883
169466,1,2.716,1.343,99.600,42.71,-28.133307,149.704620
GYRO: 169492,1,-17.794,34.322,25.211
169968,1,2.472,1.012,99.606,42.70,-28.133295,149.704605
GYRO: 169994,1,-29.428,75.559,-16.270
170469,1,2.410,1.277,99.602,42.67,-28.133295,149.704605
GYRO: 170494,1,21.061,25.070,-10.606
170971,1,2.151,1.031,99.604,42.69,-28.133287,149.704605
GYRO: 170997,1,-8.787,8.017,-20.285
171474,1,2.251,1.314,99.601,42.68,-28.133287,149.704605
GYRO: 171577,1,-11.245,15.666,-23.430
171976,1,2.489,1.021,99.604,42.68,-28.133280,149.704605
GYRO: 172004,1,18.664,-71.937,-27.018
172477,1,2.876,1.375,99.603,42.67,-28.133280,149.704605
GYRO: 172503,1,-18.665,-34.044,26.020
172978,1,2.543,0.955,99.604,42.67,-28.133272,149.704590
GYRO: 173004,1,22.114,13.483,17.700
173479,1,2.552,1.353,99.604,42.66,-28.133272,149.704590
GYRO: 173510,1,-3.260,132.719,-5.308
173981,1,2.548,0.996,99.602,42.65,-28.133265,149.704590
GYRO: 174007,1,25.885,-3.876,-33.109
174482,1,2.340,1.372,99.604,42.64,-28.133265,149.704590
GYRO: 174508,1,25.992,93.345,1.425
174985,1,2.481,1.015,99.604,42.64,-28.133257,149.704590
GYRO: 175011,1,-40.665,-56.685,25.211
175488,1,2.364,1.351,99.604,42.63,-28.133257,149.704590
GYRO: 175514,1,-15.703,-41.937,26.524
175990,1,2.579,1.036,99.602,42.63,-28.133247,149.704575
GYRO: 176021,1,-36.130,-6.350,17.196
176491,1,2.718,1.246,99.601,42.62,-28.133247,149.704575
GYRO: 176517,1,17.183,153.544,-11.796
176993,1,2.650,0.942,99.602,42.61,-28.133238,149.704575
GYRO: 177019,1,42.053,-15.357,-20.331
177494,1,2.633,1.326,99.599,42.63,-28.133238,149.704575
GYRO: 177520,1,-15.519,-10.426,-2.483
177996,1,2.948,0.994,99.595,42.61,-28.133228,149.704559
GYRO: 178022,1,-4.634,-87.128,6.936
178498,1,3.101,1.351,99.599,42.60,-28.133228,149.704559
GYRO: 178524,1,1.137,-76.899,14.219
179000,1,2.851,1.059,99.601,42.61,-28.133221,149.704559
GYRO: 179026,1,-4.222,41.391,10.906
179502,1,3.130,1.294,99.598,42.61,-28.133221,149.704559
GYRO: 179528,1,0.252,9.635,-5.964
180004,1,3.139,0.983,99.598,42.61,-28.133211,149.704559
GYRO: 180030,1,1.122,-58.960,-4.743
180505,1,3.230,1.396,99.595,42.59,-28.133211,149.704559
GYRO: 180531,1,6.389,7.391,11.135
181006,1,3.408,1.002,99.597,42.59,-28.133202,149.704544
GYRO: 181032,1,-2.436,-39.663,-5.857
181508,1,3.465,1.408,99.596,42.58,-28.133202,149.704544
GYRO: 181539,1,10.725,208.460,-11.628
182009,1,3.313,0.991,99.593,42.57,-28.133192,149.704544
GYRO: 182036,1,11.564,-148.701,-11.934
182511,1,3.642,1.511,99.591,42.56,-28.133192,149.704544
GYRO: 182714,1,-10.955,147.101,0.020
183013,1,3.487,0.856,99.593,42.53,-28.133192,149.704544
GYRO: 183039,1,12.358,17.803,12.188
183514,1,3.773,1.445,99.596,42.55,-28.133192,149.704544
GYRO: 183539,1,-4.039,-89.159,-14.529
184016,1,3.933,1.066,99.589,42.54,-28.133171,149.704529
GYRO: 184042,1,-18.176,-11.464,-17.399
184518,1,4.112,1.492,99.593,42.54,-28.133171,149.704529
GYRO: 184543,1,5.152,34.002,8.234
185020,1,4.440,0.990,99.590,42.52,-28.133163,149.704529
GYRO: 185046,1,-20.130,-42.243,30.921
185522,1,4.146,1.424,99.592,42.51,-28.133163,149.704529
GYRO: 185548,1,-7.413,-30.212,33.715
186024,1,4.137,1.017,99.592,42.50,-28.133152,149.704514
GYRO: 186050,1,7.152,-9.678,25.227
186525,1,3.725,1.406,99.592,42.47,-28.133152,149.704514
GYRO: 186551,1,-1.245,54.261,-17.781
187026,1,4.188,1.023,99.589,42.49,-28.133144,149.704514
GYRO: 187056,1,13.977,-71.678,-15.491
187527,1,3.829,1.408,99.599,42.49,-28.133144,149.704514
GYRO: 187555,1,12.175,43.574,-16.254
188028,1,3.334,1.061,99.595,42.48,-28.133135,149.704514
GYRO: 188054,1,5.519,1.925,29.746
188530,1,3.707,1.429,99.595,42.47,-28.133135,149.704514
GYRO: 188556,1,-0.558,-47.281,19.746
189031,1,3.416,1.020,99.595,42.46,-28.133125,149.704498
GYRO: 189057,1,-14.207,133.406,-10.697
189532,1,3.516,1.394,99.592,42.45,-28.133125,149.704498
GYRO: 189563,1,15.809,12.475,-3.064
190034,1,3.612,0.911,99.595,42.44,-28.133116,149.704498
GYRO: 190059,1,-7.000,-50.121,-27.003
190534,1,3.438,1.419,99.598,42.44,-28.133116,149.704498
GYRO: 190560,1,0.771,59.086,6.188
191037,1,3.198,1.030,99.596,42.44,-28.133108,149.704498
GYRO: 191063,1,-8.130,19.009,17.685
191539,1,3.633,1.461,99.594,42.44,-28.133108,149.704498
GYRO: 191565,1,-7.306,29.681,-2.117
192040,1,3.606,0.999,99.593,42.44,-28.133101,149.704483
GYRO: 192066,1,7.793,32.444,13.486
192542,1,3.561,1.410,99.595,42.43,-28.133101,149.704483
GYRO: 192567,1,-14.344,4.521,10.448
193043,1,3.785,0.935,99.595,42.43,-28.133089,149.704483
GYRO: 193068,1,10.710,-8.579,2.677
193544,1,3.978,1.415,99.594,42.43,-28.133089,149.704483
GYRO: 193569,1,5.992,-7.846,-8.132
194046,1,3.502,1.004,99.595,42.42,-28.133080,149.704468
GYRO: 194071,1,19.427,4.154,-17.903
194547,1,3.755,1.441,99.593,42.41,-28.133080,149.704468
GYRO: 194573,1,19.763,-17.021,16.784
195049,1,3.788,0.955,99.589,42.40,-28.133072,149.704468
GYRO: 195092,1,-32.527,-35.510,4.570
195550,1,3.975,1.529,99.593,42.39,-28.133072,149.704468
GYRO: 195575,1,-9.428,1.635,40.616
196051,1,3.551,0.903,99.597,42.39,-28.133064,149.704453
GYRO: 196076,1,-12.405,-14.059,-19.842
196552,1,3.605,1.472,99.596,42.39,-28.133064,149.704453
GYRO: 196576,1,3.519,3.025,-12.667
197054,1,3.979,0.910,99.592,42.38,-28.133055,149.704453
GYRO: 197078,1,28.114,2.689,-22.804
197556,1,3.944,1.423,99.590,42.36,-28.133055,149.704453
GYRO: 197581,1,-20.481,-17.937,-0.377
198058,1,3.871,1.044,99.592,42.36,-28.133043,149.704453
GYRO: 198083,1,-13.840,-20.258,10.234
198560,1,4.182,1.528,99.588,42.35,-28.133043,149.704453
GYRO: 198585,1,-7.458,-70.319,-7.262
199061,1,4.262,1.012,99.593,42.35,-28.133036,149.704437
GYRO: 199086,1,10.328,29.131,2.463
199562,1,4.265,1.475,99.589,42.33,-28.133036,149.704437
GYRO: 199587,1,-13.657,151.589,14.509
200064,1,4.019,0.980,99.592,42.33,-28.133026,149.704437
GYRO: 200089,1,-40.542,48.933,2.265
200566,1,3.857,1.453,99.591,42.31,-28.133026,149.704437
GYRO: 200597,1,-16.832,57.360,-1.308
201068,1,4.210,1.006,99.589,42.32,-28.133017,149.704422
GYRO: 201093,1,14.633,-57.525,10.341
201570,1,4.244,1.496,99.589,42.30,-28.133017,149.704422
GYRO: 201595,1,25.732,71.788,-1.735
202073,1,4.439,0.981,99.589,42.29,-28.133007,149.704422
GYRO: 202098,1,42.954,-19.235,3.639
202574,1,4.080,1.422,99.592,42.28,-28.133007,149.704422
GYRO: 202604,1,-18.878,32.872,8.830
203075,1,4.092,0.958,99.592,42.28,-28.132996,149.704422
GYRO: 203101,1,-3.107,53.025,7.517
203577,1,4.044,1.484,99.592,42.28,-28.132996,149.704422
GYRO: 203602,1,8.404,18.582,3.593
204078,1,4.324,0.942,99.588,42.27,-28.132988,149.704422
GYRO: 204103,1,7.488,40.612,-24.636
204580,1,4.330,1.436,99.589,42.25,-28.132988,149.704422
GYRO: 204606,1,20.358,26.521,-7.109
205082,1,4.579,0.954,99.591,42.26,-28.132978,149.704407
GYRO: 205107,1,-3.657,-79.037,-3.415
205583,1,4.726,1.387,99.589,42.24,-28.132978,149.704407
GYRO: 205608,1,-23.321,-9.647,20.188
206086,1,4.303,0.990,99.592,42.24,-28.132969,149.704407
GYRO: 206116,1,-2.374,-31.143,10.036
206587,1,4.156,1.448,99.595,42.24,-28.132969,149.704407
GYRO: 206612,1,-16.588,206.979,-9.048
207089,1,4.714,0.909,99.583,42.22,-28.132957,149.704407
GYRO: 207114,1,32.954,-5.525,26.982
207591,1,4.605,1.322,99.592,42.21,-28.132957,149.704407
GYRO: 207616,1,-8.481,-10.059,13.181
208093,1,4.463,0.979,99.586,42.21,-28.132948,149.704391
GYRO: 208118,1,10.526,24.047,9.288
208595,1,4.410,1.327,99.588,42.19,-28.132948,149.704391
GYRO: 208624,1,23.366,-97.708,-19.354
209096,1,4.406,1.001,99.588,42.20,-28.132940,149.704391
GYRO: 209121,1,7.610,43.269,-37.491
209597,1,4.872,1.403,99.585,42.19,-28.132940,149.704391
GYRO: 209622,1,15.076,17.467,7.700
210099,1,4.834,0.958,99.590,42.18,-28.132929,149.704391
GYRO: 210124,1,-36.359,-93.846,18.692
210600,1,4.737,1.392,99.585,42.17,-28.132929,149.704391
GYRO: 210625,1,-24.329,-22.456,10.768
211102,1,4.719,1.004,99.586,42.16,-28.132919,149.704361
GYRO: 211127,1,-22.985,-24.273,-3.140
211603,1,4.927,1.398,99.585,42.15,-28.132919,149.704361
GYRO: 211628,1,-10.756,34.139,-7.491
212105,1,4.713,0.877,99.581,42.14,-28.132908,149.704361
GYRO: 212130,1,17.168,-23.632,-27.170
212607,1,4.957,1.414,99.582,42.12,-28.132908,149.704361
GYRO: 212632,1,-17.764,-76.945,-15.659
213110,1,4.938,1.010,99.584,42.11,-28.132898,149.704361
GYRO: 213135,1,-3.306,-69.907,-11.186
213612,1,5.031,1.398,99.586,42.11,-28.132898,149.704361
GYRO: 213637,1,15.229,-2.014,-7.003
214115,1,4.730,1.025,99.588,42.10,-28.132889,149.704346
GYRO: 214145,1,4.343,39.925,-19.552
214617,1,4.688,1.483,99.587,42.09,-28.132889,149.704346
GYRO: 214720,1,20.297,-31.037,19.578
215118,1,4.943,0.987,99.589,42.08,-28.132875,149.704346
GYRO: 215144,1,-7.901,5.544,21.761
215619,1,4.430,1.422,99.588,42.07,-28.132875,149.704346
GYRO: 215644,1,-15.962,-58.029,13.089
216120,1,4.628,0.999,99.586,42.07,-28.132868,149.704346
GYRO: 216146,1,-6.848,-92.991,3.975
216623,1,4.369,1.380,99.588,42.07,-28.132868,149.704346
GYRO: 216649,1,-20.054,11.589,-9.201
217125,1,4.487,0.927,99.586,42.04,-28.132856,149.704346
GYRO: 217151,1,14.282,19.086,-4.392
217627,1,4.418,1.369,99.587,42.05,-28.132856,149.704346
GYRO: 217652,1,-24.145,19.605,-2.193
218128,1,4.607,1.022,99.590,42.06,-28.132849,149.704330
GYRO: 218154,1,-4.298,-63.311,-15.613
218630,1,4.699,1.429,99.588,42.04,-28.132849,149.704330
GYRO: 218656,1,-11.626,34.582,1.501
219131,1,4.777,0.981,99.585,42.04,-28.132835,149.704330
GYRO: 219156,1,-11.932,11.025,13.303
219632,1,4.670,1.294,99.587,42.03,-28.132835,149.704330
GYRO: 219661,1,25.519,68.460,7.120
220133,1,4.591,0.991,99.586,42.02,-28.132828,149.704330
GYRO: 220158,1,-24.680,33.650,18.234
220636,1,4.530,1.229,99.587,42.01,-28.132828,149.704330
GYRO: 220661,1,3.152,52.383,12.295
221138,1,4.416,0.971,99.590,42.01,-28.132816,149.704315
GYRO: 221164,1,8.175,16.521,-5.018
221640,1,4.437,1.333,99.590,42.00,-28.132809,149.704315
GYRO: 221665,1,21.885,-58.258,-13.338
222141,1,4.286,0.961,99.589,42.00,-28.132809,149.704315
GYRO: 222172,1,10.206,-41.082,12.219
222642,1,4.422,1.412,99.587,41.99,-28.132799,149.704315
GYRO: 222668,1,-40.955,-44.701,0.341
223144,1,4.535,0.928,99.589,41.98,-28.132799,149.704315
GYRO: 223169,1,-6.970,55.956,5.685
223644,1,4.483,1.375,99.589,41.97,-28.132792,149.704315
GYRO: 223669,1,16.710,-20.136,19.837
224145,1,4.722,0.920,99.587,41.96,-28.132792,149.704315
GYRO: 224171,1,40.465,-7.098,-28.209
224647,1,4.840,1.372,99.584,41.95,-28.132784,149.704300
GYRO: 224673,1,-21.794,9.620,15.685
225148,1,4.665,0.998,99.581,41.92,-28.132784,149.704300
GYRO: 225173,1,-16.237,-156.548,12.478
225650,1,4.370,1.300,99.586,41.94,-28.132776,149.704300
GYRO: 225851,1,-10.573,65.391,-2.453
226152,1,4.734,1.642,99.584,41.94,-28.132776,149.704300
GYRO: 226215,1,14.206,16.017,-6.270
226654,1,4.568,1.249,99.584,41.95,-28.132767,149.704285
GYRO: 226680,1,-12.588,32.811,4.020
227155,1,4.944,1.004,99.586,41.94,-28.132767,149.704285
GYRO: 227181,1,4.740,0.246,-1.430
227656,1,4.496,1.330,99.591,41.93,-28.132757,149.704285
GYRO: 227687,1,16.984,-46.609,0.387
228157,1,4.479,1.012,99.589,41.94,-28.132757,149.704285
GYRO: 228183,1,8.282,-11.311,-5.430
228659,1,4.846,1.233,99.584,41.92,-28.132750,149.704285
GYRO: 228684,1,-26.161,42.963,6.906
229160,1,4.684,0.958,99.587,41.93,-28.132750,149.704285
GYRO: 229185,1,-1.458,-4.334,5.364
229662,1,4.938,1.262,99.586,41.93,-28.132740,149.704269
GYRO: 229688,1,18.832,116.658,-4.086
230164,1,5.143,1.000,99.586,41.92,-28.132740,149.704269
GYRO: 230190,1,34.511,-37.281,-7.980
230665,1,4.780,1.405,99.589,41.92,-28.132732,149.704269
GYRO: 230691,1,-13.092,-52.853,-1.674
231166,1,4.971,1.024,99.581,41.91,-28.132732,149.704269
GYRO: 231191,1,-29.611,5.162,8.891
231668,1,4.985,1.292,99.586,41.91,-28.132725,149.704269
GYRO: 231693,1,-0.039,29.910,-1.980
232170,1,4.813,0.991,99.587,41.90,-28.132725,149.704269
GYRO: 232195,1,15.412,91.437,-9.766
232672,1,4.999,1.289,99.584,41.90,-28.132715,149.704254
GYRO: 232698,1,44.053,-57.372,-1.323
233174,1,4.890,1.002,99.584,41.88,-28.132715,149.704254
GYRO: 233210,1,-11.978,-23.403,1.349
233675,1,4.819,1.289,99.583,41.89,-28.132708,149.704254
GYRO: 233701,1,-27.168,-90.151,0.692
234177,1,5.098,0.992,99.584,41.89,-28.132708,149.704254
GYRO: 234203,1,3.687,-75.540,21.791
234678,1,4.940,1.355,99.582,41.89,-28.132700,149.704254
GYRO: 234704,1,-0.832,-46.105,0.707
235180,1,5.144,0.891,99.581,41.88,-28.132700,149.704254
GYRO: 235205,1,2.725,-13.785,11.165
235683,1,5.307,1.211,99.583,41.88,-28.132692,149.704239
GYRO: 235709,1,10.313,-22.991,-18.957
236184,1,4.907,1.055,99.585,41.89,-28.132692,149.704239
GYRO: 236209,1,3.641,55.009,6.478
236687,1,5.002,1.268,99.584,41.89,-28.132685,149.704239
GYRO: 236713,1,1.641,41.757,27.211
237188,1,4.882,1.001,99.584,41.88,-28.132685,149.704239
GYRO: 237213,1,11.748,35.162,6.081
237690,1,4.652,1.265,99.589,41.88,-28.132675,149.704224
GYRO: 237716,1,17.061,14.857,2.662
238191,1,4.503,0.954,99.584,41.87,-28.132675,149.704224
GYRO: 238217,1,-8.771,32.857,-16.651
238694,1,4.738,1.222,99.589,41.87,-28.132668,149.704224
GYRO: 238725,1,0.221,44.276,10.433
239196,1,4.590,0.962,99.588,41.87,-28.132668,149.704224
GYRO: 239221,1,9.732,-37.357,-15.552
239697,1,4.579,1.261,99.586,41.87,-28.132660,149.704224
GYRO: 239723,1,6.511,-79.434,-19.537
240198,1,4.606,0.971,99.585,41.87,-28.132660,149.704224
GYRO: 240224,1,-2.573,-17.098,-31.079
240699,1,4.894,1.247,99.582,41.87,-28.132652,149.704208
GYRO: 240724,1,-12.710,-79.021,2.051
241201,1,4.833,0.969,99.586,41.87,-28.132652,149.704208
GYRO: 241231,1,-13.153,-53.220,26.799
241703,1,4.713,1.276,99.584,41.85,-28.132645,149.704208
GYRO: 241729,1,-4.298,-4.472,37.471
242205,1,4.705,1.022,99.588,41.87,-28.132645,149.704208
GYRO: 242230,1,0.984,63.559,16.524
242707,1,4.692,1.224,99.587,41.87,-28.132635,149.704193
GYRO: 242733,1,-2.008,72.811,8.402
243210,1,4.724,0.963,99.586,41.87,-28.132635,149.704193
GYRO: 243236,1,0.633,-28.197,-13.567
243711,1,4.854,1.325,99.583,41.87,-28.132626,149.704193
GYRO: 243736,1,-5.703,23.528,-15.857
244212,1,4.846,1.020,99.582,41.87,-28.132626,149.704193
GYRO: 244237,1,14.755,-70.487,-13.659
244714,1,5.036,1.249,99.585,41.87,-28.132616,149.704178
GYRO: 244740,1,10.511,-26.441,-24.972
245216,1,5.060,1.069,99.583,41.88,-28.132616,149.704178
GYRO: 245242,1,13.168,-74.441,-25.216
245718,1,5.358,1.207,99.581,41.85,-28.132608,149.704178
GYRO: 245743,1,-3.962,-82.991,-0.361
246219,1,5.011,1.063,99.583,41.87,-28.132608,149.704178
GYRO: 246245,1,-0.848,16.017,-1.155
246720,1,5.094,1.252,99.583,41.86,-28.132601,149.704163
GYRO: 246750,1,25.778,-84.502,-2.025
247221,1,5.000,1.085,99.584,41.86,-28.132601,149.704163
GYRO: 247247,1,-15.810,127.284,-5.491
247722,1,4.767,1.330,99.583,41.85,-28.132591,149.704163
GYRO: 247747,1,-6.008,13.513,35.532
248223,1,4.810,1.022,99.585,41.85,-28.132591,149.704163
GYRO: 248249,1,-3.947,-18.273,4.295
248724,1,4.986,1.308,99.584,41.84,-28.132586,149.704147
GYRO: 248753,1,-17.168,55.437,22.204
249225,1,5.162,1.016,99.585,41.85,-28.132586,149.704147
GYRO: 249251,1,-33.382,-0.456,6.509
249726,1,4.984,1.127,99.584,41.83,-28.132578,149.704147
GYRO: 249752,1,-14.313,136.139,-8.804
250227,1,5.003,1.025,99.585,41.84,-28.132578,149.704147
GYRO: 250252,1,18.358,-1.724,-1.873
250728,1,5.107,1.212,99.584,41.84,-28.132572,149.704132
GYRO: 250754,1,2.633,-57.983,-17.674
251231,1,5.142,1.017,99.583,41.83,-28.132572,149.704132
GYRO: 251256,1,19.855,29.849,25.791
251732,1,4.784,1.201,99.583,41.83,-28.132565,149.704132
GYRO: 251758,1,5.916,-30.899,6.616
252235,1,4.745,1.054,99.584,41.83,-28.132565,149.704132
GYRO: 252265,1,-12.283,26.780,-3.491
252737,1,4.853,1.236,99.586,41.82,-28.132557,149.704117
GYRO: 252763,1,1.381,-31.235,-7.919
253239,1,4.839,1.048,99.586,41.82,-28.132557,149.704117
GYRO: 253265,1,-10.084,-60.273,-6.880
253740,1,5.049,1.120,99.583,41.80,-28.132549,149.704102
GYRO: 253766,1,-24.771,4.261,31.608
254242,1,5.036,0.978,99.587,41.82,-28.132549,149.704102
GYRO: 254268,1,0.297,-8.624,-6.377
254743,1,4.977,1.191,99.584,41.81,-28.132544,149.704102
GYRO: 254775,1,17.152,9.467,-9.796
255244,1,4.824,1.038,99.585,41.81,-28.132544,149.704102
GYRO: 255270,1,12.679,-21.846,-20.850
255746,1,5.137,1.185,99.577,41.78,-28.132536,149.704086
GYRO: 255772,1,-25.489,-131.342,-7.552
256248,1,5.020,1.028,99.585,41.82,-28.132536,149.704086
GYRO: 256274,1,-19.413,-11.998,13.440
256749,1,4.938,1.169,99.582,41.81,-28.132530,149.704086
GYRO: 256774,1,4.221,11.849,-1.338
257251,1,5.038,1.039,99.583,41.81,-28.132530,149.704086
GYRO: 257277,1,11.442,22.765,-6.285
257752,1,4.904,1.186,99.584,41.81,-28.132524,149.704071
GYRO: 257777,1,7.977,-25.983,-1.399
258253,1,5.140,1.030,99.582,41.80,-28.132524,149.704071
GYRO: 258352,1,2.481,-128.777,10.875
258755,1,4.856,1.247,99.584,41.80,-28.132517,149.704071
GYRO: 258781,1,-8.023,-1.556,-4.132
259257,1,4.920,1.108,99.585,41.80,-28.132517,149.704071
GYRO: 259283,1,5.000,-37.785,-0.377
259760,1,4.910,1.147,99.587,41.80,-28.132511,149.704041
GYRO: 259786,1,-1.642,-20.273,-10.148
260262,1,4.918,1.095,99.585,41.80,-28.132511,149.704041
GYRO: 260294,1,-31.932,-19.342,-9.369
260764,1,5.024,1.163,99.584,41.79,-28.132505,149.704041
GYRO: 260790,1,19.992,-25.174,-10.667
261266,1,4.951,1.098,99.587,41.80,-28.132505,149.704041
GYRO: 261292,1,15.839,-34.136,-40.941
261768,1,4.895,1.196,99.583,41.79,-28.132500,149.704025
GYRO: 261794,1,10.267,60.261,2.478
262271,1,5.046,1.108,99.585,41.79,-28.132500,149.704025
GYRO: 262297,1,-0.008,0.307,9.669
262772,1,4.903,1.236,99.588,41.80,-28.132494,149.704025
GYRO: 262798,1,-11.489,-27.434,7.623
263273,1,4.965,1.047,99.586,41.79,-28.132494,149.704025
GYRO: 263299,1,18.129,-54.792,9.165
263774,1,5.031,1.201,99.588,41.80,-28.132488,149.704010
GYRO: 263803,1,-10.069,46.170,-12.560
264276,1,4.894,0.932,99.586,41.79,-28.132488,149.704010
GYRO: 264302,1,12.022,-41.495,8.662
264779,1,4.950,1.184,99.583,41.79,-28.132483,149.704010
GYRO: 264805,1,-2.649,6.475,3.975
265280,1,4.722,1.089,99.588,41.79,-28.132483,149.704010
GYRO: 265306,1,12.511,-1.296,15.074
265782,1,4.615,1.249,99.586,41.79,-28.132477,149.703995
GYRO: 265814,1,10.664,68.536,-1.766
266283,1,4.587,1.065,99.587,41.78,-28.132477,149.703995
GYRO: 266310,1,-31.367,126.902,-19.796
266784,1,4.851,1.103,99.588,41.79,-28.132467,149.703979
GYRO: 266811,1,-29.596,-70.472,8.967
267286,1,5.142,1.021,99.581,41.77,-28.132467,149.703979
GYRO: 267312,1,-5.581,26.292,-19.628
267787,1,4.740,1.216,99.584,41.79,-28.132463,149.703979
GYRO: 267813,1,12.847,89.467,-17.644
268289,1,4.960,1.066,99.584,41.78,-28.132463,149.703979
GYRO: 268315,1,29.137,19.910,-10.911
268791,1,5.051,1.191,99.581,41.77,-28.132456,149.703964
GYRO: 268817,1,-18.313,-199.220,-0.468
269293,1,5.122,1.063,99.581,41.76,-28.132456,149.703964
GYRO: 269319,1,-25.748,113.009,20.814
269795,1,5.109,1.098,99.583,41.77,-28.132452,149.703964
GYRO: 269858,1,-28.817,-69.861,23.791
270296,1,5.105,1.070,99.585,41.76,-28.132452,149.703964
GYRO: 270322,1,3.351,32.521,35.608
270798,1,5.111,1.091,99.579,41.74,-28.132444,149.703949
GYRO: 270824,1,29.030,-22.456,2.081
271299,1,5.172,1.010,99.585,41.78,-28.132444,149.703949
GYRO: 271325,1,35.855,25.971,-25.216
271802,1,5.397,1.106,99.583,41.76,-28.132441,149.703934
GYRO: 271828,1,-1.184,-66.762,-6.254
272305,1,5.084,1.164,99.583,41.76,-28.132441,149.703934
GYRO: 272331,1,-24.008,0.368,5.562
272806,1,5.342,1.169,99.577,41.73,-28.132433,149.703934
GYRO: 272832,1,-47.092,40.902,25.013
273307,1,5.348,1.015,99.579,41.77,-28.132433,149.703934
GYRO: 273333,1,-12.313,86.841,12.219
273808,1,5.644,0.890,99.577,41.76,-28.132425,149.703918
GYRO: 273838,1,9.000,18.765,-24.010
274309,1,5.785,0.993,99.579,41.76,-28.132425,149.703918
GYRO: 274335,1,3.702,-39.922,-26.331
274812,1,5.576,1.148,99.582,41.76,-28.132420,149.703918
GYRO: 274838,1,4.389,-80.884,10.784
275315,1,5.391,1.166,99.582,41.76,-28.132420,149.703918
GYRO: 275340,1,-3.061,53.742,-3.445
275817,1,5.191,1.106,99.586,41.77,-28.132412,149.703903
GYRO: 275843,1,28.771,69.040,-17.552
276320,1,5.214,1.084,99.584,41.77,-28.132412,149.703903
GYRO: 276346,1,34.832,60.337,-32.453
276822,1,5.234,1.175,99.582,41.75,-28.132404,149.703903
GYRO: 276847,1,25.656,80.750,5.181
277324,1,5.189,1.135,99.581,41.76,-28.132404,149.703903
GYRO: 277350,1,-15.474,-5.479,11.578
277827,1,5.468,1.080,99.581,41.76,-28.132397,149.703888
GYRO: 277853,1,-1.871,8.475,-12.025
278329,1,5.238,1.185,99.582,41.76,-28.132397,149.703888
GYRO: 278355,1,-21.489,-9.800,-1.964
278830,1,5.455,1.035,99.585,41.75,-28.132387,149.703873
GYRO: 278856,1,-1.260,144.505,-29.644
279332,1,5.351,1.080,99.580,41.74,-28.132387,149.703873
GYRO: 279367,1,19.900,30.139,23.135
279833,1,5.330,1.073,99.584,41.75,-28.132380,149.703873
GYRO: 279858,1,-4.665,-43.250,24.997
280334,1,4.993,1.153,99.584,41.76,-28.132380,149.703873
GYRO: 280360,1,-3.703,-21.235,30.204
280836,1,5.285,1.117,99.585,41.76,-28.132372,149.703857
GYRO: 280861,1,-5.993,-11.266,-5.705
281337,1,5.117,1.110,99.584,41.75,-28.132372,149.703857
GYRO: 281362,1,34.694,36.689,0.906
281838,1,5.207,1.098,99.582,41.75,-28.132366,149.703857
GYRO: 281863,1,25.183,147.925,2.310
282339,1,5.434,1.186,99.578,41.72,-28.132366,149.703857
GYRO: 282364,1,4.007,58.597,-9.613
282840,1,5.412,1.058,99.582,41.75,-28.132359,149.703842
GYRO: 282865,1,-21.061,-75.021,-12.743
283341,1,5.748,1.136,99.575,41.71,-28.132359,149.703842
GYRO: 283365,1,2.877,30.704,0.936
283843,1,5.429,1.104,99.582,41.75,-28.132353,149.703842
GYRO: 283867,1,-13.229,43.070,-7.415
284344,1,5.364,1.124,99.582,41.74,-28.132353,149.703842
GYRO: 284369,1,7.931,32.994,9.013
284846,1,5.431,1.075,99.582,41.75,-28.132343,149.703827
GYRO: 284875,1,-32.390,-112.838,8.616
285348,1,5.445,1.018,99.579,41.74,-28.132343,149.703827
GYRO: 285373,1,3.320,-19.708,16.310
285850,1,5.485,1.088,99.582,41.75,-28.132338,149.703812
GYRO: 285875,1,39.610,-74.411,22.081
286351,1,5.436,1.107,99.582,41.76,-28.132338,149.703812
GYRO: 286376,1,43.290,14.337,-23.201
286853,1,5.538,1.060,99.579,41.76,-28.132330,149.703812
GYRO: 286878,1,22.862,205.803,22.402
287354,1,5.547,1.326,99.576,41.77,-28.132330,149.703812
GYRO: 287384,1,-33.978,-26.380,-5.964
287855,1,5.553,1.131,99.577,41.76,-28.132324,149.703796
GYRO: 287880,1,-21.397,-15.785,-13.659
288356,1,5.587,1.184,99.581,41.78,-28.132324,149.703796
GYRO: 288381,1,7.397,85.879,5.318
288857,1,5.362,1.100,99.581,41.77,-28.132317,149.703796
GYRO: 288882,1,-9.916,-19.586,-24.392
289359,1,5.654,1.164,99.580,41.78,-28.132317,149.703796
GYRO: 289384,1,-40.512,-6.121,29.257
289860,1,5.812,1.066,99.576,41.78,-28.132307,149.703781
GYRO: 289885,1,-24.985,90.826,6.143
290361,1,5.828,1.145,99.578,41.78,-28.132307,149.703781
GYRO: 290386,1,-7.077,-71.571,-9.277
290862,1,5.728,1.064,99.580,41.79,-28.132299,149.703781
GYRO: 290887,1,17.839,15.941,-7.354
291364,1,5.470,1.186,99.583,41.79,-28.132299,149.703781
GYRO: 291389,1,13.458,13.223,-28.346
291865,1,5.407,1.051,99.583,41.79,-28.132292,149.703766
GYRO: 291890,1,13.610,40.261,-28.254
292366,1,5.369,1.194,99.582,41.79,-28.132292,149.703766
GYRO: 292391,1,1.168,-23.754,-3.796
292867,1,5.185,1.084,99.582,41.79,-28.132284,149.703751
GYRO: 292897,1,-9.596,24.597,-8.071
293370,1,5.104,1.255,99.581,41.79,-28.132284,149.703751
GYRO: 293395,1,-4.023,-64.991,-20.957
293872,1,5.194,1.111,99.585,41.80,-28.132275,149.703751
GYRO: 293897,1,-15.535,103.223,3.227
294374,1,4.948,1.179,99.585,41.80,-28.132275,149.703751
GYRO: 294404,1,5.427,-27.632,-14.835
294875,1,4.549,1.098,99.586,41.80,-28.132263,149.703735
GYRO: 294900,1,-17.718,-51.143,9.165
295376,1,4.793,1.167,99.588,41.82,-28.132263,149.703735
GYRO: 295401,1,-49.092,40.902,7.654
295877,1,4.644,1.019,99.589,41.82,-28.132256,149.703735
GYRO: 295902,1,-2.313,54.276,6.921
296378,1,4.470,1.190,99.586,41.83,-28.132256,149.703735
GYRO: 296403,1,33.793,122.353,9.776
296879,1,4.770,1.116,99.586,41.84,-28.132246,149.703705
GYRO: 296904,1,47.992,-17.693,7.715
297380,1,4.566,1.175,99.585,41.84,-28.132246,149.703705
GYRO: 297405,1,31.931,-65.143,-17.842
297881,1,4.710,1.089,99.585,41.85,-28.132236,149.703705
GYRO: 297906,1,-20.405,22.765,-8.010
298382,1,4.820,1.264,99.586,41.85,-28.132236,149.703705
GYRO: 298412,1,-27.275,-120.212,-9.430
298884,1,4.880,1.063,99.585,41.86,-28.132227,149.703705
GYRO: 298909,1,-11.290,87.574,23.394
299385,1,5.055,1.228,99.584,41.86,-28.132227,149.703705
GYRO: 299410,1,-7.825,-73.617,13.700
299886,1,4.983,1.060,99.586,41.87,-28.132215,149.703690
GYRO: 299911,1,-30.970,44.811,-23.491
300387,1,4.721,1.140,99.588,41.88,-28.132215,149.703690
GYRO: 300412,1,-3.825,-64.502,-5.125
300889,1,4.960,1.008,99.583,41.87,-28.132206,149.703690
GYRO: 300918,1,8.679,57.712,14.234
301391,1,5.123,1.151,99.587,41.89,-28.132206,149.703690
GYRO: 301495,1,8.252,131.330,44.387
301893,1,5.146,0.975,99.582,41.89,-28.132196,149.703674
GYRO: 301918,1,17.458,192.826,1.028
302394,1,5.244,1.209,99.585,41.91,-28.132196,149.703674
GYRO: 302419,1,35.824,142.765,-8.392
302896,1,5.039,1.035,99.585,41.91,-28.132187,149.703674
GYRO: 302921,1,37.580,-86.777,2.372
303398,1,5.172,1.235,99.584,41.91,-28.132187,149.703674
GYRO: 303423,1,19.809,-26.899,-16.300
303899,1,5.327,1.056,99.576,41.89,-28.132175,149.703674
GYRO: 303924,1,-26.573,3.330,-3.354
304400,1,5.685,1.187,99.581,41.91,-28.132175,149.703674
GYRO: 304425,1,-24.756,-3.357,-15.628
304902,1,5.344,1.051,99.583,41.92,-28.132166,149.703659
GYRO: 304927,1,-29.611,68.093,9.242
305404,1,5.735,1.234,99.576,41.92,-28.132166,149.703659
GYRO: 305429,1,-26.802,-60.258,-9.919
305906,1,5.673,1.004,99.580,41.92,-28.132156,149.703659
GYRO: 305931,1,-2.023,15.834,21.715
306407,1,5.452,1.239,99.581,41.92,-28.132156,149.703659
GYRO: 306436,1,7.412,-77.647,6.112
306908,1,5.332,0.956,99.587,41.92,-28.132147,149.703659
GYRO: 306934,1,3.824,-24.105,-20.254
307411,1,4.952,1.242,99.584,41.91,-28.132147,149.703659
GYRO: 307437,1,-10.313,72.872,-6.972
307912,1,5.143,1.019,99.580,41.88,-28.132135,149.703644
GYRO: 307938,1,9.015,33.238,-8.773
308413,1,4.925,1.269,99.587,41.91,-28.132135,149.703644
GYRO: 308439,1,37.656,53.544,-12.850
308915,1,4.859,1.044,99.585,41.90,-28.132124,149.703644
GYRO: 308940,1,16.877,32.093,-11.919
309416,1,4.956,1.252,99.584,41.91,-28.132124,149.703644
GYRO: 309441,1,-9.061,-59.113,-13.079
309917,1,5.312,1.012,99.579,41.91,-28.132113,149.703644
GYRO: 309942,1,-29.046,-25.296,12.555
310419,1,5.380,1.272,99.582,41.91,-28.132113,149.703644
GYRO: 310444,1,-28.527,35.345,40.295
310920,1,5.498,1.057,99.582,41.93,-28.132105,149.703629
GYRO: 310946,1,-26.191,53.605,5.715
311421,1,5.265,1.213,99.585,41.92,-28.132105,149.703629
GYRO: 311447,1,23.305,-38.258,4.967
311922,1,5.447,1.022,99.576,41.90,-28.132092,149.703629
GYRO: 311952,1,20.740,45.208,-27.674
312423,1,5.463,1.181,99.581,41.92,-28.132092,149.703629
GYRO: 312449,1,18.542,-36.319,12.310
312924,1,5.150,0.807,99.583,41.93,-28.132082,149.703629
GYRO: 313187,1,-1.428,-43.082,-11.277
313425,1,5.151,1.417,99.582,41.91,-28.132082,149.703629
GYRO: 313451,1,-3.993,47.879,-1.338
313927,1,5.116,1.075,99.577,41.89,-28.132072,149.703629
GYRO: 313953,1,-14.726,20.368,2.814
314430,1,5.447,1.269,99.579,41.91,-28.132072,149.703629
GYRO: 314462,1,-10.207,134.399,-22.102
314931,1,5.348,0.982,99.579,41.92,-28.132059,149.703613
GYRO: 314957,1,-1.596,-56.716,24.356
315432,1,5.530,1.212,99.582,41.92,-28.132059,149.703613
GYRO: 315458,1,-17.565,-26.105,7.150
315934,1,5.248,0.954,99.583,41.91,-28.132048,149.703613
GYRO: 315960,1,-20.268,-27.128,38.539
316436,1,5.184,1.210,99.581,41.92,-28.132048,149.703613
GYRO: 316462,1,6.511,77.284,-3.537
316938,1,5.548,0.979,99.584,41.92,-28.132038,149.703613
GYRO: 316963,1,30.313,161.910,0.143
317440,1,5.323,1.302,99.581,41.92,-28.132038,149.703613
GYRO: 317466,1,21.992,-67.892,-11.170
317941,1,5.555,1.005,99.577,41.92,-28.132029,149.703613
GYRO: 317967,1,-10.145,-79.143,-13.247
318442,1,5.547,1.305,99.579,41.93,-28.132029,149.703613
GYRO: 318468,1,-44.329,19.574,10.204
318944,1,5.490,0.983,99.582,41.93,-28.132015,149.703613
GYRO: 318970,1,-23.626,115.086,4.295
319446,1,5.265,1.276,99.584,41.93,-28.132015,149.703613
GYRO: 319472,1,-15.932,-53.098,31.837
319947,1,5.651,0.981,99.580,41.94,-28.132006,149.703598
GYRO: 319979,1,15.274,31.437,1.364
320448,1,5.903,1.298,99.578,41.94,-28.132006,149.703598
GYRO: 320474,1,32.801,-169.082,-21.964
320950,1,5.687,0.949,99.579,41.94,-28.131996,149.703598
GYRO: 320976,1,1.839,-26.777,-13.873
321453,1,5.750,1.284,99.580,41.94,-28.131996,149.703598
GYRO: 321479,1,-6.619,-11.296,-5.338
321955,1,5.492,0.987,99.580,41.94,-28.131985,149.703598
GYRO: 321980,1,-0.726,-2.731,-2.758
322457,1,5.277,1.374,99.581,41.92,-28.131985,149.703598
GYRO: 322483,1,16.710,-39.586,13.623
322958,1,4.941,1.041,99.583,41.93,-28.131971,149.703598
GYRO: 322984,1,-8.924,54.643,5.532
323460,1,4.881,1.297,99.584,41.93,-28.131971,149.703598
GYRO: 323486,1,-2.497,-59.052,-8.086
323961,1,5.198,0.978,99.584,41.93,-28.131960,149.703598
GYRO: 323987,1,-38.817,35.941,9.944
324463,1,5.272,1.360,99.584,41.92,-28.131960,149.703598
GYRO: 324489,1,-26.726,109.269,-4.453
324964,1,5.345,0.962,99.582,41.92,-28.131952,149.703598
GYRO: 324992,1,17.839,-145.937,-9.232
325465,1,5.170,1.315,99.582,41.92,-28.131952,149.703598
GYRO: 325497,1,33.244,174.200,-19.552
325967,1,5.258,0.993,99.581,41.92,-28.131941,149.703598
GYRO: 325992,1,34.450,-76.869,4.585
326468,1,5.252,1.325,99.579,41.92,-28.131941,149.703598
GYRO: 326494,1,-9.764,-84.563,12.402
326970,1,5.311,0.995,99.584,41.93,-28.131927,149.703598
GYRO: 326995,1,-17.947,-66.304,1.868
327473,1,5.387,1.380,99.582,41.93,-28.131927,149.703598
GYRO: 327498,1,-14.359,9.376,17.074
327974,1,5.787,0.979,99.578,41.94,-28.131916,149.703583
GYRO: 328004,1,-2.054,44.963,0.463
328475,1,5.743,1.269,99.578,41.94,-28.131916,149.703583
GYRO: 328501,1,5.748,-109.418,7.227
328977,1,5.492,0.964,99.577,41.94,-28.131907,149.703583
GYRO: 329003,1,-6.145,2.124,-9.583
329478,1,5.639,1.313,99.583,41.95,-28.131907,149.703583
GYRO: 329504,1,-2.054,3.055,-0.987
329979,1,5.571,0.987,99.579,41.94,-28.131895,149.703583
GYRO: 330005,1,17.732,40.032,-6.361
330480,1,5.790,1.347,99.579,41.95,-28.131895,149.703583
GYRO: 330506,1,18.801,80.322,-1.079
330981,1,5.763,0.993,99.576,41.92,-28.131884,149.703583
GYRO: 331007,1,5.076,-6.166,-8.835
331482,1,5.642,1.326,99.580,41.94,-28.131884,149.703583
GYRO: 331508,1,-1.962,46.047,-20.071
331984,1,5.173,0.990,99.582,41.94,-28.131872,149.703583
GYRO: 332010,1,-41.184,-57.693,8.387
332486,1,5.432,1.339,99.579,41.94,-28.131872,149.703583
GYRO: 332511,1,-45.046,-14.792,16.326
332987,1,5.455,0.921,99.577,41.94,-28.131863,149.703583
GYRO: 333013,1,-0.817,-36.579,19.608
333488,1,6.051,1.336,99.579,41.94,-28.131863,149.703583
GYRO: 333519,1,28.358,-7.754,-1.842
333989,1,5.875,0.924,99.579,41.94,-28.131851,149.703583
GYRO: 334014,1,15.732,-46.701,-2.056
334490,1,5.857,1.321,99.579,41.94,-28.131851,149.703583
GYRO: 334516,1,-2.680,19.437,-12.896
334992,1,5.688,0.945,99.580,41.95,-28.131840,149.703583
GYRO: 335018,1,10.313,-9.937,18.372
335493,1,5.852,1.372,99.580,41.94,-28.131840,149.703583
GYRO: 335519,1,-45.382,-73.235,-12.758
335995,1,5.897,0.842,99.578,41.94,-28.131832,149.703583
GYRO: 336021,1,21.442,-12.166,-13.873
336496,1,5.707,1.321,99.578,41.94,-28.131832,149.703583
GYRO: 336522,1,4.862,57.727,-4.468
336997,1,5.489,0.903,99.580,41.94,-28.131824,149.703568
GYRO: 337023,1,-0.542,58.444,-25.308
337498,1,5.582,1.234,99.583,41.93,-28.131824,149.703568
GYRO: 337523,1,99.305,-53.937,-36.606
338000,1,5.291,1.116,99.583,41.92,-28.131821,149.703568
GYRO: 338026,1,-17.275,119.254,-1.064
338503,1,5.238,1.482,99.582,41.92,-28.131821,149.703568
GYRO: 338529,1,-46.634,-21.052,36.570
339004,1,5.176,0.890,99.582,41.92,-28.131819,149.703568
GYRO: 339034,1,-12.161,15.635,-25.369
339506,1,5.282,1.257,99.580,41.92,-28.131819,149.703568
GYRO: 339531,1,14.450,-71.601,-0.224
340009,1,5.092,0.983,99.580,41.93,-28.131817,149.703568
GYRO: 340035,1,6.022,47.284,5.990
340511,1,5.239,1.383,99.582,41.94,-28.131817,149.703568
GYRO: 340539,1,-10.069,-177.159,7.975
341013,1,5.215,1.175,99.584,41.94,-28.131811,149.703568
GYRO: 341039,1,-6.466,7.147,-13.552
341514,1,4.966,1.406,99.586,41.94,-28.131811,149.703568
GYRO: 341545,1,-0.924,-4.304,0.326
342016,1,5.061,0.991,99.587,41.94,-28.131809,149.703568
GYRO: 342042,1,16.908,-332.731,0.982
