19121,1,-0.361,0.966,99.211,28.46,0.000000,0.000000
GYRO: 19255,1,-1.513,-3.529,-0.156
19621,1,-0.375,0.954,99.210,28.46,0.000000,0.000000
GYRO: 19648,1,-0.215,-0.476,0.272
20122,1,-0.073,0.954,99.209,28.46,0.000000,0.000000
GYRO: 20149,1,-0.062,-0.125,-0.308
20624,1,-0.299,0.956,99.210,28.47,0.000000,0.000000
GYRO: 20650,1,-0.077,-0.201,-0.064
21125,1,-0.273,0.954,99.210,28.47,0.000000,0.000000
GYRO: 21151,1,0.136,-0.109,-0.079
21626,1,-0.149,0.950,99.209,28.47,0.000000,0.000000
GYRO: 21653,1,0.228,-0.140,-0.049
22128,1,-0.208,0.952,99.208,28.47,0.000000,0.000000
GYRO: 22154,1,-0.535,-0.308,0.180
22630,1,-0.281,0.952,99.211,28.48,0.000000,0.000000
GYRO: 22656,1,0.946,-0.171,0.150
23131,1,-0.419,0.951,99.210,28.47,0.000000,0.000000
GYRO: 23158,1,-0.108,0.379,-0.217
23633,1,-0.230,0.949,99.209,28.48,0.000000,0.000000
GYRO: 23660,1,0.045,-0.201,0.089
24135,1,-0.263,0.951,99.210,28.48,0.000000,0.000000
GYRO: 24162,1,0.365,0.196,-0.247
24637,1,-0.192,0.950,99.212,28.49,0.000000,0.000000
GYRO: 24664,1,0.182,-0.293,-0.018
25139,1,-0.444,0.954,99.214,28.49,0.000000,0.000000
GYRO: 25166,1,-0.062,-0.171,-0.034
25640,1,-0.463,0.952,99.211,28.48,0.000000,0.000000
GYRO: 25666,1,0.411,-0.003,-0.247
26141,1,-0.498,0.947,99.213,28.48,0.000000,0.000000
GYRO: 26168,1,-0.001,0.440,-0.049
26642,1,-0.686,0.952,99.214,28.49,0.000000,0.000000
GYRO: 26669,1,0.121,-0.125,0.043
27143,1,-0.411,0.957,99.212,28.49,0.000000,0.000000
GYRO: 27173,1,0.014,-0.201,0.058
27645,1,-0.261,0.951,99.208,28.49,0.000000,0.000000
GYRO: 27679,1,-0.734,-0.430,-0.308
28147,1,-0.006,0.938,99.210,28.48,0.000000,0.000000
GYRO: 28174,1,0.060,0.974,-0.140
28648,1,-0.110,0.943,99.212,28.50,0.000000,0.000000
GYRO: 28675,1,-0.322,-0.583,0.134
29150,1,-0.262,0.955,99.210,28.50,0.000000,0.000000
GYRO: 29177,1,-0.734,-1.331,0.104
29652,1,-0.355,0.945,99.209,28.50,0.000000,0.000000
GYRO: 29679,1,-0.093,-0.400,-0.003
30153,1,-0.217,0.949,99.210,28.51,0.000000,0.000000
GYRO: 30180,1,-0.566,2.684,-0.217
30655,1,-0.132,0.967,99.212,28.52,0.000000,0.000000
GYRO: 30688,1,0.029,0.089,0.089
31156,1,-0.310,0.971,99.210,28.52,0.000000,0.000000
GYRO: 31183,1,-0.138,-0.216,0.073
31657,1,-0.234,0.954,99.210,28.52,0.000000,0.000000
GYRO: 31684,1,-0.062,0.058,0.318
32159,1,-0.164,0.955,99.211,28.53,0.000000,0.000000
GYRO: 32186,1,-0.169,0.120,-0.232
32660,1,-0.248,0.946,99.209,28.53,0.000000,0.000000
GYRO: 32687,1,-0.093,-0.384,0.333
33162,1,-0.356,0.953,99.211,28.53,0.000000,0.000000
GYRO: 33189,1,-0.138,-0.567,0.195
33664,1,-0.137,0.958,99.209,28.55,0.000000,0.000000
GYRO: 33788,1,0.060,-0.125,0.058
34165,1,-0.003,0.954,99.209,28.54,0.000000,0.000000
GYRO: 34189,1,0.182,-0.018,0.104
34666,1,0.027,0.951,99.209,28.54,0.000000,0.000000
GYRO: 34690,1,-0.215,-0.216,-0.140
35168,1,-0.232,0.951,99.213,28.55,0.000000,0.000000
GYRO: 35192,1,-0.077,0.257,-0.049
35669,1,-0.384,0.958,99.213,28.55,0.000000,0.000000
GYRO: 35693,1,0.228,-0.033,-0.156
36171,1,-0.441,0.953,99.212,28.56,0.000000,0.000000
GYRO: 36195,1,-0.123,-0.201,0.241
36673,1,-0.434,0.952,99.210,28.55,0.000000,0.000000
GYRO: 36697,1,-0.276,-0.033,-0.110
37175,1,-0.451,0.949,99.211,28.56,0.000000,0.000000
GYRO: 37199,1,-0.047,-0.308,-0.003
37677,1,-0.258,0.954,99.209,28.56,0.000000,0.000000
GYRO: 37701,1,0.091,0.013,-0.079
38178,1,-0.176,0.951,99.211,28.56,0.000000,0.000000
GYRO: 38202,1,-0.047,-0.033,-0.324
38680,1,-0.232,0.952,99.212,28.56,0.000000,0.000000
GYRO: 38704,1,-0.123,-0.186,0.073
39181,1,-0.312,0.950,99.211,28.56,0.000000,0.000000
GYRO: 39205,1,0.091,0.135,0.104
39682,1,-0.041,0.950,99.210,28.56,0.000000,0.000000
GYRO: 39706,1,1.129,2.669,0.058
40184,1,-0.256,0.950,99.211,28.57,0.000000,0.000000
GYRO: 40208,1,0.243,0.287,-0.232
40685,1,-0.119,0.951,99.206,28.57,0.000000,0.000000
GYRO: 40709,1,0.029,-0.155,0.089
41186,1,-0.107,0.954,99.208,28.57,0.000000,0.000000
GYRO: 41210,1,0.808,3.158,0.165
41687,1,0.188,0.950,99.206,28.58,0.000000,0.000000
GYRO: 41711,1,0.182,0.043,-0.049
42189,1,0.129,0.950,99.211,28.58,0.000000,0.000000
GYRO: 42212,1,0.182,-0.094,-0.339
42690,1,-0.069,0.951,99.207,28.57,0.000000,0.000000
GYRO: 42714,1,0.289,-0.125,-0.018
43192,1,0.130,0.950,99.209,28.58,0.000000,0.000000
GYRO: 43215,1,-0.108,-0.186,-0.217
43694,1,-0.059,0.948,99.212,28.58,0.000000,0.000000
GYRO: 43718,1,-0.077,-0.125,-0.064
44194,1,-0.178,0.949,99.211,28.58,0.000000,0.000000
GYRO: 44218,1,-0.245,-0.140,-0.171
44696,1,-0.149,0.951,99.210,28.58,0.000000,0.000000
GYRO: 44720,1,-0.200,0.135,-0.186
45198,1,0.016,0.949,99.208,28.58,0.000000,0.000000
GYRO: 45227,1,0.182,0.043,0.165
45699,1,0.134,0.949,99.208,28.58,0.000000,0.000000
GYRO: 45723,1,-0.062,-0.461,-0.018
46201,1,0.064,0.950,99.208,28.58,0.000000,0.000000
GYRO: 46225,1,-0.322,0.043,-0.140
46703,1,-0.053,0.951,99.211,28.59,0.000000,0.000000
GYRO: 46727,1,-0.245,-0.430,-0.156
47205,1,-0.002,0.951,99.209,28.59,0.000000,0.000000
GYRO: 47229,1,-0.138,0.181,0.058
47706,1,-0.024,0.952,99.209,28.59,0.000000,0.000000
GYRO: 47730,1,0.045,-0.369,-0.140
48208,1,-0.324,0.950,99.210,28.60,0.000000,0.000000
GYRO: 48236,1,0.121,0.135,0.257
48710,1,-0.090,0.950,99.211,28.61,0.000000,0.000000
GYRO: 48734,1,-0.169,-0.201,0.226
49212,1,-0.152,0.951,99.209,28.60,0.000000,0.000000
GYRO: 49354,1,-0.169,-0.354,-0.018
49714,1,-0.357,0.952,99.211,28.60,0.000000,0.000000
GYRO: 49738,1,-0.062,-0.064,-0.049
50216,1,-0.224,0.952,99.208,28.61,0.000000,0.000000
GYRO: 50240,1,-0.093,-0.674,0.134
50718,1,-0.097,0.951,99.209,28.61,0.000000,0.000000
GYRO: 50742,1,0.060,-0.033,-0.125
51219,1,-0.058,0.950,99.211,28.62,0.000000,0.000000
GYRO: 51248,1,-0.200,-0.430,-0.064
51722,1,-0.328,0.952,99.212,28.63,0.000000,0.000000
GYRO: 51745,1,-1.772,-0.354,-0.125
52223,1,-0.193,0.951,99.209,28.62,0.000000,0.000000
GYRO: 52247,1,0.182,-0.735,-0.324
52724,1,-0.221,0.964,99.216,28.63,0.000000,0.000000
GYRO: 52748,1,0.091,-0.201,-0.003
53226,1,-0.238,0.951,99.207,28.63,0.000000,0.000000
GYRO: 53250,1,0.060,-0.308,0.043
53727,1,-0.192,0.954,99.208,28.64,0.000000,0.000000
GYRO: 53751,1,-0.047,-0.262,0.012
54230,1,-0.102,0.953,99.210,28.65,0.000000,0.000000
GYRO: 54254,1,-0.077,-0.308,0.180
54732,1,-0.007,0.955,99.209,28.65,0.000000,0.000000
GYRO: 54756,1,0.381,-0.201,-0.003
55234,1,-0.224,0.948,99.210,28.65,0.000000,0.000000
GYRO: 55258,1,0.060,-0.247,0.104
55736,1,-0.110,0.956,99.209,28.66,0.000000,0.000000
GYRO: 55760,1,0.091,-0.048,-0.018
56238,1,0.334,0.947,99.211,28.66,0.000000,0.000000
GYRO: 56262,1,0.411,0.730,0.394
