17110,1,-0.488,1.005,100.736,31.11,0.000000,0.000000
GYRO: 17526,1,2.859,-0.968,-2.403
22972,1,-1.207,0.990,100.742,31.06,0.000000,0.000000
GYRO: 23089,1,9.821,-2.403,-2.555
28535,1,-0.059,1.024,100.733,31.17,0.000000,0.000000
GYRO: 28653,1,15.088,-8.220,2.116
34108,1,-3471.271,0.000,130.591,-131.18,0.000000,0.000000
GYRO: 34278,1,13.165,-7.976,-0.586
39740,1,-0.703,1.005,100.738,31.24,0.000000,0.000000
GYRO: 39857,1,27.989,15.932,-5.823
45318,1,-0.316,0.000,100.735,31.32,0.000000,0.000000
GYRO: 45436,1,13.180,-7.961,-0.571
50887,1,-0.273,0.947,100.735,31.41,0.000000,0.000000
GYRO: 51005,1,14.096,-10.571,0.513
56531,1,-3471.271,0.000,130.591,-131.18,0.000000,0.000000
GYRO: 56704,1,13.165,-7.976,-0.586
62224,1,-3471.271,0.000,130.591,-131.18,0.000000,0.000000
GYRO: 62397,1,13.165,-7.976,-0.586
67924,1,-3471.271,0.000,130.591,-131.18,0.000000,0.000000
GYRO: 68098,1,13.165,-7.976,-0.586
73625,1,-3471.271,0.000,130.591,-131.18,0.000000,0.000000
GYRO: 73800,1,13.165,-7.976,-0.586
79327,1,-3471.271,0.000,130.591,-131.18,0.000000,0.000000
GYRO: 79500,1,13.165,-7.976,-0.586
85045,1,-3471.271,0.000,130.591,-131.18,0.000000,0.000000
GYRO: 85219,1,13.165,-7.976,-0.586
90764,1,-3471.271,0.000,130.591,-131.18,0.000000,0.000000
GYRO: 90939,1,13.165,-7.976,-0.586
96466,1,-3471.271,0.000,130.591,-131.18,0.000000,0.000000
GYRO: 96640,1,13.165,-7.976,-0.586
