19118,1,1.232,0.968,99.575,42.13,-28.131613,149.703583
GYRO: 19884,1,-0.653,1.600,1.958
19899,1,1.674,1.208,99.572,42.14,-28.131569,149.703583
GYRO: 19929,1,-0.501,4.058,1.271
20399,1,1.388,1.083,99.576,42.14,-28.131523,149.703583
GYRO: 20423,1,0.018,-0.645,-1.065
20901,1,1.346,1.297,99.574,42.14,-28.131523,149.703583
GYRO: 20925,1,-1.340,1.340,-2.332
21402,1,1.410,1.094,99.572,42.15,-28.131483,149.703583
GYRO: 21426,1,-1.111,2.668,-0.470
21903,1,1.467,1.261,99.573,42.15,-28.131483,149.703583
GYRO: 21928,1,-0.775,4.821,0.782
22405,1,1.437,1.108,99.574,42.16,-28.131437,149.703583
GYRO: 22430,1,2.751,-3.896,-0.668
22906,1,1.343,1.307,99.574,42.16,-28.131437,149.703583
GYRO: 22931,1,6.507,10.241,-2.897
23407,1,1.652,1.118,99.572,42.15,-28.131393,149.703583
GYRO: 23432,1,9.973,-11.179,-0.592
23908,1,1.993,1.277,99.568,42.16,-28.131393,149.703583
GYRO: 23933,1,7.041,-0.461,-1.493
24410,1,1.940,1.100,99.571,42.16,-28.131353,149.703568
GYRO: 24435,1,6.171,2.409,-1.340
24911,1,1.526,1.289,99.572,42.17,-28.131353,149.703568
GYRO: 24940,1,8.125,-4.980,-2.531
25414,1,1.362,1.121,99.575,42.17,-28.131311,149.703568
GYRO: 25439,1,5.652,-0.431,-3.798
25915,1,1.448,1.325,99.574,42.18,-28.131311,149.703568
GYRO: 25940,1,9.148,6.027,-1.203
26417,1,1.506,1.082,99.572,42.17,-28.131269,149.703552
GYRO: 26442,1,11.896,-9.774,-2.073
26919,1,1.587,1.286,99.572,42.18,-28.131269,149.703552
GYRO: 26944,1,10.644,-2.690,-2.897
27421,1,1.493,1.115,99.573,42.18,-28.131226,149.703522
GYRO: 27446,1,10.278,6.913,-4.073
27924,1,1.798,1.203,99.574,42.19,-28.131226,149.703522
GYRO: 27948,1,12.751,4.577,-2.653
28425,1,1.651,1.111,99.575,42.19,-28.131187,149.703506
GYRO: 28450,1,12.614,-2.248,-7.432
28926,1,1.711,1.244,99.569,42.19,-28.131187,149.703506
GYRO: 28951,1,15.118,-4.431,-6.455
29428,1,1.840,1.119,99.570,42.19,-28.131151,149.703476
GYRO: 29453,1,15.866,-9.729,-2.852
29930,1,1.808,1.246,99.570,42.19,-28.131151,149.703476
GYRO: 29955,1,11.179,9.569,-5.081
30432,1,1.942,1.166,99.571,42.19,-28.131126,149.703445
GYRO: 30461,1,9.652,10.913,-3.447
30933,1,1.906,1.243,99.569,42.20,-28.131126,149.703445
GYRO: 30957,1,11.560,5.004,-1.661
31435,1,1.849,1.097,99.571,42.21,-28.131098,149.703384
GYRO: 31460,1,14.049,-8.324,-6.165
31936,1,1.895,1.236,99.570,42.21,-28.131098,149.703384
GYRO: 31960,1,16.110,-1.423,-3.233
32438,1,1.964,1.133,99.571,42.21,-28.131071,149.703354
GYRO: 32466,1,15.041,8.607,-1.997
32940,1,2.002,1.263,99.568,42.21,-28.131071,149.703354
GYRO: 33146,1,16.064,0.623,-0.470
33441,1,2.232,1.390,99.567,42.21,-28.131052,149.703308
GYRO: 33471,1,12.812,-14.355,-3.203
33943,1,2.315,1.231,99.565,42.22,-28.131052,149.703308
GYRO: 33967,1,6.736,-7.988,-3.523
34444,1,2.594,1.165,99.563,42.20,-28.131029,149.703262
GYRO: 34469,1,6.232,0.653,-8.455
34945,1,2.756,1.221,99.565,42.22,-28.131029,149.703262
GYRO: 34970,1,7.728,-5.912,-3.936
35446,1,2.506,1.144,99.564,42.22,-28.131016,149.703217
GYRO: 35471,1,5.499,0.333,-3.111
35947,1,2.510,1.235,99.566,42.23,-28.131016,149.703217
GYRO: 35971,1,4.965,4.149,-1.218
36448,1,2.662,1.129,99.563,42.23,-28.131020,149.703140
GYRO: 36473,1,7.438,-12.767,-0.027
36950,1,2.720,1.241,99.567,42.24,-28.131020,149.703140
GYRO: 36974,1,5.774,4.531,-1.768
37451,1,2.674,1.112,99.563,42.23,-28.131001,149.703079
GYRO: 37475,1,0.217,-4.324,-1.096
37953,1,2.705,1.219,99.564,42.23,-28.131001,149.703079
GYRO: 37978,1,3.087,5.615,-0.317
38454,1,2.785,1.158,99.562,42.22,-28.130997,149.703018
GYRO: 38478,1,3.102,2.943,-0.958
38955,1,2.637,1.238,99.567,42.24,-28.130997,149.703018
GYRO: 38985,1,3.316,3.126,-0.241
39457,1,2.697,1.069,99.560,42.24,-28.130985,149.702972
GYRO: 39482,1,0.934,-4.461,-0.913
39958,1,2.826,1.217,99.563,42.25,-28.130985,149.702972
GYRO: 39982,1,0.217,-2.019,-1.050
40459,1,2.917,1.154,99.563,42.24,-28.130980,149.702927
GYRO: 40484,1,1.225,-7.713,-0.684
40960,1,2.966,1.251,99.564,42.25,-28.130980,149.702927
GYRO: 40984,1,2.385,-1.942,-0.790
41462,1,3.112,1.173,99.562,42.26,-28.130972,149.702881
GYRO: 41486,1,1.789,-3.606,-2.088
41964,1,2.956,1.223,99.561,42.25,-28.130972,149.702881
GYRO: 41993,1,0.599,-4.431,-2.638
42466,1,2.799,1.118,99.563,42.26,-28.130966,149.702835
GYRO: 42490,1,2.324,-4.828,-0.958
42967,1,2.825,1.232,99.565,42.27,-28.130966,149.702835
GYRO: 42992,1,0.507,4.409,2.828
43469,1,3.050,1.147,99.559,42.26,-28.130960,149.702774
GYRO: 43493,1,-1.753,-0.339,-1.142
43970,1,3.234,1.247,99.559,42.26,-28.130960,149.702774
GYRO: 43994,1,-1.004,-0.309,-1.554
44471,1,3.419,1.183,99.557,42.27,-28.130953,149.702713
GYRO: 44496,1,-0.669,-0.141,-2.241
44972,1,3.446,1.213,99.559,42.27,-28.130953,149.702713
GYRO: 44996,1,-0.699,-3.500,-1.065
45473,1,3.251,1.132,99.561,42.27,-28.130945,149.702652
GYRO: 45498,1,-0.440,0.088,-2.317
45975,1,3.373,1.180,99.560,42.27,-28.130945,149.702652
GYRO: 46000,1,1.469,1.401,1.271
46476,1,3.319,1.151,99.558,42.28,-28.130939,149.702591
GYRO: 46501,1,2.156,-0.797,2.950
46978,1,3.415,1.174,99.558,42.28,-28.130939,149.702591
GYRO: 47002,1,3.469,-7.377,-5.462
47479,1,3.605,1.166,99.561,42.28,-28.130932,149.702530
GYRO: 47510,1,1.652,-2.095,0.858
47981,1,3.322,1.211,99.556,42.28,-28.130932,149.702530
GYRO: 48006,1,0.843,4.653,0.858
48482,1,3.627,1.109,99.558,42.28,-28.130924,149.702484
GYRO: 48507,1,-0.531,3.737,-0.638
48983,1,3.738,1.164,99.556,42.29,-28.130924,149.702484
GYRO: 49008,1,2.049,-5.469,-0.378
49485,1,4.079,1.162,99.553,42.28,-28.130920,149.702423
GYRO: 49510,1,2.171,3.783,1.148
49986,1,3.964,1.162,99.554,42.29,-28.130920,149.702423
GYRO: 50010,1,0.858,10.546,1.606
50487,1,4.174,1.157,99.552,42.30,-28.130913,149.702362
GYRO: 50548,1,-0.272,3.615,-1.722
50989,1,4.349,1.215,99.552,42.29,-28.130913,149.702362
GYRO: 51013,1,-3.142,-5.408,-2.134
51490,1,4.118,1.121,99.552,42.29,-28.130907,149.702301
GYRO: 51515,1,0.278,2.821,-1.630
51992,1,4.282,1.196,99.551,42.29,-28.130907,149.702301
GYRO: 52016,1,5.805,-4.385,-1.737
52493,1,4.482,1.168,99.550,42.31,-28.130901,149.702240
GYRO: 52518,1,0.492,0.974,1.668
52995,1,4.691,1.185,99.548,42.30,-28.130901,149.702240
GYRO: 53019,1,-1.142,-3.087,-1.203
53496,1,4.833,1.170,99.545,42.30,-28.130896,149.702194
GYRO: 53521,1,3.286,6.516,2.202
53997,1,4.756,1.201,99.548,42.31,-28.130896,149.702194
GYRO: 54022,1,0.675,-0.034,0.370
54499,1,4.885,1.183,99.547,42.31,-28.130892,149.702148
GYRO: 54524,1,0.339,2.485,4.584
55001,1,5.012,1.166,99.544,42.31,-28.130892,149.702148
GYRO: 55025,1,1.316,-5.866,-2.241
55502,1,5.071,1.157,99.545,42.31,-28.130890,149.702087
GYRO: 55527,1,-2.195,5.584,-0.439
56003,1,5.255,1.139,99.539,42.30,-28.130890,149.702087
GYRO: 56033,1,2.263,-7.255,-0.790
56505,1,5.187,1.202,99.545,42.32,-28.130888,149.702042
GYRO: 56530,1,1.377,8.592,0.110
57006,1,4.985,1.063,99.546,42.31,-28.130888,149.702042
GYRO: 57030,1,-2.211,-1.729,0.813
57507,1,5.037,1.200,99.546,42.32,-28.130884,149.701996
GYRO: 57531,1,0.980,2.302,0.599
58009,1,5.145,1.252,99.541,42.30,-28.130884,149.701996
GYRO: 58034,1,2.156,-5.118,-2.165
58511,1,5.076,1.229,99.543,42.32,-28.130880,149.701965
GYRO: 58535,1,0.263,0.699,-0.149
59012,1,5.191,1.278,99.542,42.33,-28.130880,149.701965
GYRO: 59037,1,-0.821,4.577,1.347
59514,1,5.025,1.235,99.544,42.33,-28.130878,149.701950
GYRO: 59539,1,-0.058,1.020,0.156
60016,1,5.206,1.193,99.541,42.32,-28.130878,149.701950
GYRO: 60040,1,-1.508,-17.255,2.278
60517,1,5.380,1.179,99.544,42.33,-28.130877,149.701935
GYRO: 60542,1,0.278,0.485,-0.745
61018,1,5.149,1.183,99.548,42.34,-28.130877,149.701935
GYRO: 61043,1,3.423,-5.194,1.637
61519,1,5.245,1.217,99.546,42.35,-28.130877,149.701935
GYRO: 61544,1,1.102,3.294,-0.317
62021,1,5.354,1.182,99.543,42.34,-28.130877,149.701935
GYRO: 62045,1,0.064,-1.194,-0.103
62523,1,5.348,1.197,99.541,42.34,-28.130877,149.701950
GYRO: 62548,1,0.064,2.974,2.141
63025,1,5.539,1.177,99.541,42.34,-28.130877,149.701950
GYRO: 63055,1,0.568,-1.332,-0.348
63527,1,5.363,1.167,99.544,42.34,-28.130873,149.701950
GYRO: 63552,1,-0.119,-0.080,-0.500
64029,1,5.370,1.139,99.539,42.33,-28.130873,149.701950
GYRO: 64054,1,0.156,-1.164,-0.439
64530,1,5.377,1.171,99.541,42.35,-28.130873,149.701950
GYRO: 64559,1,-0.165,1.844,0.019
65031,1,5.290,1.144,99.545,42.35,-28.130873,149.701950
GYRO: 65056,1,0.568,0.165,0.064
65532,1,5.110,1.200,99.544,42.35,-28.130873,149.701950
GYRO: 65556,1,0.018,1.126,-0.165
66034,1,5.438,1.151,99.543,42.36,-28.130873,149.701950
GYRO: 66058,1,0.751,-1.896,-0.027
66535,1,5.191,1.197,99.549,42.37,-28.130873,149.701950
GYRO: 66559,1,0.064,0.134,0.110
67037,1,5.198,1.137,99.543,42.36,-28.130873,149.701950
GYRO: 67061,1,0.339,-1.057,-0.409
67538,1,5.283,1.201,99.543,42.36,-28.130871,149.701950
GYRO: 67563,1,0.476,-0.599,-0.073
68040,1,5.204,1.135,99.540,42.34,-28.130871,149.701950
GYRO: 68065,1,0.202,0.806,0.141
68541,1,5.253,1.200,99.542,42.37,-28.130871,149.701950
GYRO: 68566,1,0.476,-1.866,-0.821
69042,1,5.468,1.143,99.544,42.37,-28.130871,149.701950
GYRO: 69066,1,0.446,0.775,-0.012
69543,1,5.222,1.216,99.545,42.37,-28.130871,149.701950
GYRO: 69567,1,-0.058,-2.049,-0.592
70045,1,5.274,1.135,99.545,42.38,-28.130871,149.701950
GYRO: 70069,1,0.324,1.371,0.095
70547,1,5.367,1.249,99.544,42.38,-28.130871,149.701950
GYRO: 70571,1,-0.134,-1.958,-0.363
71049,1,5.350,1.128,99.541,42.37,-28.130871,149.701950
GYRO: 71073,1,-0.226,1.890,0.126
71550,1,5.434,1.242,99.544,42.37,-28.130869,149.701950
GYRO: 71575,1,-0.195,-0.461,-0.226
72051,1,5.225,1.118,99.542,42.37,-28.130869,149.701950
GYRO: 72075,1,0.141,1.798,0.293
72552,1,5.358,1.238,99.542,42.39,-28.130869,149.701950
GYRO: 72577,1,0.950,5.004,0.141
73053,1,5.193,1.129,99.542,42.38,-28.130869,149.701950
GYRO: 73083,1,-1.096,8.562,0.782
73555,1,5.270,1.243,99.543,42.39,-28.130869,149.701950
GYRO: 73579,1,0.858,-6.187,-1.019
74057,1,4.991,1.145,99.546,42.39,-28.130869,149.701950
GYRO: 74081,1,0.476,-0.736,-0.195
74559,1,5.131,1.243,99.544,42.39,-28.130869,149.701950
GYRO: 74583,1,0.415,1.310,-0.012
75061,1,5.297,1.143,99.543,42.39,-28.130869,149.701950
GYRO: 75085,1,-0.027,2.363,0.858
75562,1,5.295,1.248,99.545,42.41,-28.130869,149.701950
GYRO: 75587,1,0.156,-2.355,-1.310
76064,1,5.390,1.154,99.542,42.40,-28.130869,149.701950
GYRO: 76089,1,0.080,1.142,0.278
76566,1,5.342,1.240,99.544,42.40,-28.130835,149.701981
GYRO: 76590,1,0.018,2.836,1.118
77067,1,5.176,1.143,99.544,42.42,-28.130835,149.701981
GYRO: 77092,1,-0.913,6.607,0.049
77569,1,5.402,1.245,99.545,42.42,-28.130865,149.701996
GYRO: 77593,1,0.034,-0.706,0.095
78071,1,5.230,1.132,99.543,42.41,-28.130865,149.701996
GYRO: 78096,1,0.202,-0.248,0.293
78572,1,5.463,1.235,99.540,42.41,-28.130863,149.701996
GYRO: 78599,1,0.415,-2.232,-0.653
79074,1,5.443,1.125,99.548,42.43,-28.130863,149.701996
GYRO: 79099,1,0.385,-0.584,-0.256
79576,1,5.526,1.258,99.542,42.41,-28.130859,149.701981
GYRO: 79600,1,0.263,-1.011,-0.134
80078,1,5.761,1.124,99.537,42.42,-28.130859,149.701981
GYRO: 80102,1,0.431,0.378,3.271
80580,1,5.733,1.246,99.541,42.42,-28.130869,149.701965
GYRO: 80604,1,-0.165,2.195,0.690
81082,1,5.591,1.105,99.542,42.43,-28.130869,149.701965
GYRO: 81106,1,0.064,-3.103,-0.317
81584,1,5.549,1.241,99.542,42.42,-28.130873,149.701965
GYRO: 81613,1,1.072,-7.164,-0.119
82087,1,5.275,1.103,99.544,42.43,-28.130873,149.701965
GYRO: 82111,1,0.156,-1.973,-0.409
82588,1,5.204,1.266,99.544,42.42,-28.130875,149.701965
GYRO: 82613,1,0.538,0.806,-0.134
83090,1,5.104,1.105,99.548,42.44,-28.130875,149.701965
GYRO: 83114,1,-0.119,3.829,0.324
83592,1,5.075,1.263,99.548,42.44,-28.130877,149.701965
GYRO: 83616,1,0.675,-0.416,-0.149
84092,1,5.175,1.104,99.544,42.41,-28.130877,149.701965
GYRO: 84136,1,-0.088,0.897,-0.012
84594,1,4.797,1.281,99.546,42.44,-28.130878,149.701965
GYRO: 84618,1,-0.058,1.905,0.614
85095,1,5.046,1.114,99.546,42.44,-28.130878,149.701965
GYRO: 85119,1,1.652,-6.080,-0.745
85597,1,5.075,1.308,99.548,42.44,-28.130880,149.701965
GYRO: 85622,1,-0.012,-0.660,-0.073
86098,1,4.827,1.115,99.548,42.44,-28.130880,149.701965
GYRO: 86122,1,0.385,-1.026,0.232
86599,1,4.818,1.300,99.549,42.45,-28.130880,149.701981
GYRO: 86624,1,-0.317,-0.690,-0.439
87101,1,4.879,1.116,99.547,42.45,-28.130880,149.701981
GYRO: 87130,1,0.690,0.027,-0.165
87602,1,4.682,1.289,99.546,42.45,-28.130877,149.701965
GYRO: 87626,1,-0.485,2.195,-0.149
88104,1,4.768,1.110,99.550,42.45,-28.130877,149.701965
GYRO: 88128,1,0.309,0.806,-0.180
88606,1,4.884,1.301,99.545,42.45,-28.130877,149.701965
GYRO: 88630,1,0.186,2.348,0.248
89108,1,4.939,1.088,99.548,42.46,-28.130877,149.701965
GYRO: 89132,1,0.171,2.943,0.828
89610,1,4.871,1.295,99.550,42.45,-28.130877,149.701965
GYRO: 89635,1,0.538,-0.446,0.477
90112,1,4.698,1.102,99.548,42.46,-28.130877,149.701965
GYRO: 90142,1,-0.760,1.233,0.110
90613,1,4.915,1.303,99.549,42.46,-28.130877,149.701965
GYRO: 90637,1,0.156,-0.370,-0.088
91114,1,4.828,1.108,99.548,42.46,-28.130877,149.701965
GYRO: 91139,1,-0.027,2.623,-0.455
91615,1,4.855,1.284,99.547,42.45,-28.130877,149.701965
GYRO: 91639,1,0.385,-2.690,-0.485
92117,1,4.678,1.111,99.546,42.46,-28.130877,149.701965
GYRO: 92141,1,0.278,0.439,0.446
92619,1,4.952,1.280,99.547,42.47,-28.130877,149.701965
GYRO: 92644,1,0.568,-0.935,-0.103
93121,1,4.957,1.102,99.547,42.47,-28.130877,149.701965
GYRO: 93145,1,0.080,2.317,-0.058
93623,1,4.765,1.280,99.543,42.47,-28.130877,149.701965
GYRO: 93650,1,0.247,-1.057,-0.332
94124,1,4.859,1.077,99.547,42.45,-28.130877,149.701965
GYRO: 94148,1,-0.104,1.004,0.156
94626,1,4.750,1.271,99.550,42.47,-28.130877,149.701965
GYRO: 94651,1,0.614,-0.019,-0.149
95128,1,4.650,1.074,99.548,42.47,-28.130877,149.701965
GYRO: 95152,1,0.186,-1.637,-0.424
95629,1,4.593,1.439,99.546,42.47,-28.130877,149.701965
GYRO: 95815,1,0.644,0.378,0.034
96130,1,4.805,1.044,99.546,42.48,-28.130877,149.701965
GYRO: 96154,1,0.354,-1.606,-0.668
96632,1,5.036,1.289,99.546,42.48,-28.130875,149.701965
GYRO: 96657,1,0.278,2.241,-0.103
97133,1,5.066,1.073,99.545,42.49,-28.130875,149.701965
GYRO: 97157,1,0.370,-4.813,-1.294
97634,1,4.862,1.267,99.545,42.48,-28.130873,149.701965
GYRO: 97658,1,0.400,1.630,0.126
98135,1,5.287,1.078,99.544,42.48,-28.130873,149.701965
GYRO: 98160,1,0.736,-0.996,0.034
98636,1,5.198,1.286,99.544,42.48,-28.130873,149.701965
GYRO: 98666,1,-0.134,0.134,-0.638
99137,1,4.927,1.079,99.548,42.50,-28.130873,149.701965
GYRO: 99161,1,0.782,-1.622,-0.165
99639,1,5.254,1.274,99.545,42.50,-28.130873,149.701965
GYRO: 99663,1,0.354,1.020,-0.561
100140,1,5.433,1.077,99.544,42.50,-28.130873,149.701965
GYRO: 100165,1,0.507,-2.187,-0.332
100641,1,5.432,1.288,99.544,42.50,-28.130873,149.701965
GYRO: 100666,1,0.141,0.882,-0.317
101143,1,5.292,1.081,99.544,42.50,-28.130873,149.701965
GYRO: 101168,1,0.568,-0.232,-0.103
101645,1,5.489,1.313,99.540,42.49,-28.130873,149.701965
GYRO: 101669,1,0.354,0.378,-0.378
102146,1,5.228,1.080,99.546,42.50,-28.130873,149.701965
GYRO: 102171,1,-0.134,0.623,-0.103
102648,1,5.288,1.350,99.545,42.51,-28.130873,149.701965
GYRO: 102672,1,0.339,-0.492,-0.302
103149,1,5.222,1.084,99.543,42.51,-28.130873,149.701965
GYRO: 103173,1,0.186,2.073,0.095
103650,1,5.423,1.314,99.549,42.51,-28.130873,149.701965
GYRO: 103674,1,0.934,-5.179,-0.256
104151,1,5.465,1.076,99.542,42.50,-28.130873,149.701965
GYRO: 104181,1,-0.409,2.271,0.355
104653,1,5.152,1.369,99.545,42.50,-28.130873,149.701965
GYRO: 104677,1,0.492,-1.576,0.080
105154,1,5.243,1.070,99.545,42.52,-28.130873,149.701965
GYRO: 105179,1,-0.134,1.371,-0.012
105655,1,5.161,1.365,99.544,42.51,-28.130873,149.701965
GYRO: 105680,1,0.141,-0.400,-0.516
106157,1,5.354,1.081,99.545,42.52,-28.130873,149.701965
GYRO: 106181,1,0.095,-0.095,-0.409
106658,1,5.054,1.339,99.546,42.52,-28.130873,149.701965
GYRO: 106683,1,0.293,0.073,0.064
107159,1,4.866,1.083,99.546,42.52,-28.130873,149.701965
GYRO: 107183,1,0.385,0.470,-0.073
107661,1,5.172,1.352,99.543,42.52,-28.130873,149.701965
GYRO: 107685,1,0.293,-0.278,-0.287
108162,1,5.099,1.089,99.544,42.52,-28.130873,149.701965
GYRO: 108186,1,0.705,-1.606,0.003
108663,1,5.389,1.360,99.542,42.53,-28.130873,149.701965
GYRO: 108687,1,0.232,0.653,-0.317
109164,1,5.206,1.082,99.545,42.52,-28.130873,149.701965
GYRO: 109191,1,0.141,-0.400,-0.271
109665,1,5.083,1.329,99.547,42.54,-28.130873,149.701965
GYRO: 109707,1,0.370,2.210,-0.271
110167,1,5.567,1.066,99.541,42.52,-28.130873,149.701965
GYRO: 110192,1,0.461,-2.400,0.126
110668,1,5.330,1.363,99.543,42.53,-28.130873,149.701965
GYRO: 110693,1,-0.821,1.539,-0.271
111170,1,5.385,1.077,99.543,42.53,-28.130873,149.701965
GYRO: 111195,1,0.309,-1.790,-0.500
111672,1,5.415,1.352,99.541,42.53,-28.130873,149.701965
GYRO: 111697,1,0.217,0.638,-0.302
112173,1,5.439,1.080,99.545,42.55,-28.130873,149.701965
GYRO: 112198,1,0.217,-0.584,0.171
112675,1,5.521,1.360,99.542,42.55,-28.130873,149.701965
GYRO: 112704,1,0.492,0.852,-0.012
113177,1,5.484,1.069,99.542,42.55,-28.130873,149.701965
GYRO: 113202,1,0.278,0.577,-0.607
113678,1,5.725,1.304,99.544,42.55,-28.130873,149.701965
GYRO: 113703,1,0.476,-2.095,-0.928
114180,1,5.670,1.062,99.542,42.55,-28.130873,149.701965
GYRO: 114206,1,-0.058,1.752,-0.287
114682,1,5.840,1.340,99.542,42.55,-28.130873,149.701965
GYRO: 114707,1,0.400,-3.790,0.095
115184,1,5.458,1.072,99.540,42.54,-28.130873,149.701965
GYRO: 115215,1,0.110,-2.355,0.248
115686,1,5.680,1.368,99.541,42.56,-28.130873,149.701965
GYRO: 115712,1,1.530,-2.645,-0.470
116187,1,5.555,1.083,99.544,42.56,-28.130873,149.701965
GYRO: 116213,1,0.370,0.500,-0.378
116688,1,5.550,1.335,99.542,42.57,-28.130873,149.701965
GYRO: 116714,1,0.965,-7.179,-0.592
117189,1,5.671,1.078,99.542,42.56,-28.130873,149.701965
GYRO: 117215,1,0.812,-6.950,-0.714
117691,1,5.679,1.407,99.541,42.56,-28.130873,149.701965
GYRO: 117716,1,1.209,6.607,0.828
118192,1,5.821,1.056,99.542,42.57,-28.130873,149.701965
GYRO: 118221,1,-0.287,3.416,0.477
118694,1,5.537,1.400,99.541,42.56,-28.130873,149.701965
GYRO: 118719,1,0.583,-2.324,0.080
119197,1,5.679,1.071,99.544,42.58,-28.130873,149.701965
GYRO: 119222,1,0.492,-1.652,-0.470
119699,1,5.687,1.380,99.541,42.57,-28.130873,149.701981
GYRO: 119724,1,-0.256,4.913,1.301
120201,1,5.547,1.077,99.541,42.57,-28.130873,149.701981
GYRO: 120226,1,-0.943,9.539,2.187
120703,1,5.577,1.366,99.543,42.57,-28.130873,149.701981
GYRO: 120728,1,0.202,5.203,-0.729
121205,1,5.521,1.096,99.545,42.58,-28.130873,149.701981
GYRO: 121231,1,1.041,5.645,-1.447
121707,1,5.356,1.439,99.545,42.58,-28.130873,149.701965
GYRO: 121732,1,-1.478,0.760,-1.310
122208,1,5.435,1.022,99.541,42.58,-28.130873,149.701965
GYRO: 122233,1,-1.020,9.691,1.561
122709,1,5.468,1.432,99.541,42.58,-28.130869,149.701950
GYRO: 122734,1,-0.791,1.569,1.454
123211,1,5.330,1.042,99.544,42.59,-28.130869,149.701950
GYRO: 123236,1,2.110,0.882,1.225
123712,1,5.251,1.416,99.543,42.58,-28.130865,149.701920
GYRO: 123742,1,-0.134,-4.782,0.141
124214,1,5.325,1.053,99.545,42.59,-28.130865,149.701920
GYRO: 124242,1,0.370,-1.377,-6.103
124717,1,5.413,1.402,99.542,42.59,-28.130861,149.701889
GYRO: 124742,1,-0.837,8.027,0.935
125220,1,5.629,1.041,99.541,42.58,-28.130861,149.701889
GYRO: 125245,1,0.186,-3.393,-1.172
125721,1,5.210,1.422,99.548,42.60,-28.130857,149.701859
GYRO: 125747,1,1.225,-1.851,0.126
126222,1,5.421,1.003,99.542,42.60,-28.130857,149.701859
GYRO: 126248,1,1.194,-5.912,0.217
126723,1,5.589,1.416,99.543,42.61,-28.130854,149.701828
GYRO: 126748,1,-0.043,-2.400,-1.798
127226,1,5.455,1.073,99.542,42.60,-28.130854,149.701828
GYRO: 127251,1,0.690,3.447,0.416
127727,1,5.631,1.428,99.541,42.60,-28.130848,149.701797
GYRO: 127752,1,0.186,2.195,-1.371
128230,1,5.552,1.070,99.541,42.60,-28.130848,149.701797
GYRO: 128255,1,-0.760,11.447,0.095
128731,1,5.757,1.429,99.539,42.61,-28.130844,149.701767
GYRO: 128757,1,0.202,5.539,-1.187
129234,1,5.671,1.020,99.542,42.61,-28.130844,149.701767
GYRO: 129279,1,1.041,-3.301,-0.485
129735,1,5.679,1.480,99.539,42.60,-28.130840,149.701721
GYRO: 129761,1,2.034,-7.225,-0.867
130238,1,5.612,1.030,99.540,42.61,-28.130840,149.701721
GYRO: 130263,1,-1.493,-3.683,-2.180
130740,1,5.554,1.452,99.540,42.61,-28.130836,149.701675
GYRO: 130765,1,-2.455,10.516,0.049
131240,1,5.763,1.045,99.541,42.62,-28.130836,149.701675
GYRO: 131266,1,-0.791,-1.835,-0.165
131741,1,5.872,1.406,99.540,42.62,-28.130833,149.701645
GYRO: 131767,1,0.003,6.745,-0.165
132243,1,5.778,1.024,99.539,42.62,-28.130833,149.701645
GYRO: 132268,1,0.400,-1.591,0.171
132745,1,5.900,1.441,99.538,42.62,-28.130823,149.701614
GYRO: 132770,1,-2.394,-5.790,-1.477
133248,1,5.737,1.090,99.541,42.62,-28.130823,149.701614
GYRO: 133274,1,-0.760,8.546,0.187
133750,1,5.714,1.606,99.540,42.63,-28.130819,149.701584
GYRO: 133775,1,-2.348,-3.316,-1.645
134251,1,5.817,1.044,99.541,42.63,-28.130819,149.701584
GYRO: 134276,1,-1.340,6.210,-1.676
134752,1,5.784,1.420,99.539,42.64,-28.130814,149.701538
GYRO: 134782,1,-2.959,-6.919,1.835
135253,1,5.628,1.037,99.537,42.62,-28.130814,149.701538
GYRO: 135278,1,2.095,-7.927,-0.516
135755,1,5.456,1.379,99.544,42.64,-28.130808,149.701508
GYRO: 135780,1,-0.195,9.493,1.362
136255,1,5.628,1.061,99.538,42.63,-28.130808,149.701508
GYRO: 136281,1,0.095,3.462,0.629
136757,1,5.804,1.484,99.538,42.62,-28.130802,149.701462
GYRO: 136782,1,-1.722,3.691,1.347
137259,1,5.815,1.052,99.540,42.64,-28.130802,149.701462
GYRO: 137284,1,-1.172,3.722,1.530
137762,1,5.594,1.478,99.538,42.64,-28.130796,149.701431
GYRO: 137787,1,-2.027,3.325,-0.684
138265,1,5.894,1.069,99.540,42.65,-28.130796,149.701431
GYRO: 138290,1,1.728,-5.500,0.599
138766,1,6.100,1.480,99.537,42.64,-28.130789,149.701385
GYRO: 138792,1,0.980,4.791,1.790
139269,1,5.729,1.085,99.539,42.65,-28.130789,149.701385
GYRO: 139294,1,3.057,1.905,2.538
139770,1,5.902,1.431,99.539,42.65,-28.130783,149.701340
GYRO: 139801,1,1.728,-3.652,-2.775
140273,1,5.838,1.067,99.541,42.65,-28.130783,149.701340
GYRO: 140425,1,2.415,-3.973,-4.958
140774,1,5.846,1.383,99.536,42.63,-28.130775,149.701309
GYRO: 141039,1,-0.669,8.760,-2.928
141276,1,6.103,1.074,99.536,42.65,-28.130775,149.701309
GYRO: 141302,1,-0.714,-0.584,-5.264
141778,1,6.083,1.405,99.536,42.66,-28.130772,149.701279
GYRO: 141804,1,-0.241,-2.416,-2.073
142279,1,6.160,1.076,99.537,42.66,-28.130772,149.701279
GYRO: 142305,1,1.148,0.256,0.003
142780,1,6.013,1.418,99.539,42.66,-28.130766,149.701248
GYRO: 142806,1,-4.531,8.989,4.523
143281,1,6.264,1.062,99.536,42.66,-28.130766,149.701248
GYRO: 143307,1,-0.287,2.348,1.148
143783,1,5.888,1.459,99.541,42.67,-28.130760,149.701202
GYRO: 143809,1,1.041,3.355,-1.065
144284,1,5.877,1.065,99.539,42.67,-28.130760,149.701202
GYRO: 144309,1,0.751,2.943,2.293
144786,1,6.161,1.394,99.535,42.67,-28.130756,149.701172
GYRO: 144812,1,1.286,8.882,1.515
145288,1,6.104,1.086,99.538,42.68,-28.130756,149.701172
GYRO: 145314,1,-0.409,0.485,-2.516
145790,1,6.456,1.447,99.534,42.68,-28.130753,149.701141
GYRO: 145820,1,-1.783,-8.629,0.202
146292,1,6.212,1.088,99.537,42.68,-28.130753,149.701141
GYRO: 146318,1,-0.638,-8.690,-3.493
146793,1,6.517,1.443,99.535,42.68,-28.130747,149.701111
GYRO: 146819,1,1.591,3.126,0.553
147294,1,6.243,1.079,99.536,42.68,-28.130747,149.701111
GYRO: 147320,1,1.011,6.668,1.423
147795,1,6.196,1.435,99.537,42.69,-28.130739,149.701065
GYRO: 147821,1,0.446,9.386,1.042
148296,1,6.127,1.045,99.539,42.70,-28.130739,149.701065
GYRO: 148322,1,2.080,-3.637,-0.943
148798,1,6.366,1.446,99.537,42.69,-28.130735,149.701050
GYRO: 148830,1,0.797,-5.805,-1.936
149299,1,6.007,1.098,99.538,42.70,-28.130735,149.701050
GYRO: 149325,1,0.431,-1.851,0.187
149801,1,5.802,1.424,99.543,42.71,-28.130733,149.701019
GYRO: 149827,1,-0.730,3.249,-0.867
150302,1,6.080,1.077,99.537,42.70,-28.130733,149.701019
GYRO: 150328,1,-3.172,4.928,1.530
150803,1,6.138,1.474,99.541,42.70,-28.130732,149.700989
GYRO: 150829,1,-1.371,-1.301,-1.859
151305,1,5.890,1.050,99.540,42.71,-28.130732,149.700989
GYRO: 151331,1,-2.333,0.806,0.706
151806,1,6.023,1.558,99.537,42.71,-28.130728,149.700974
GYRO: 151831,1,-0.592,-4.751,-0.195
152308,1,5.994,1.079,99.536,42.71,-28.130728,149.700974
GYRO: 152333,1,0.919,2.104,2.293
152809,1,5.937,1.383,99.539,42.72,-28.130724,149.700943
GYRO: 152834,1,1.026,-1.118,-0.852
153311,1,5.957,1.104,99.539,42.72,-28.130724,149.700943
GYRO: 153337,1,-0.745,2.073,0.217
153813,1,6.170,1.449,99.536,42.72,-28.130720,149.700928
GYRO: 153838,1,0.415,7.020,-1.218
154315,1,6.305,1.063,99.534,42.72,-28.130716,149.700897
GYRO: 154346,1,2.721,-5.881,1.210
154818,1,6.173,1.417,99.539,42.73,-28.130716,149.700897
GYRO: 154843,1,-3.340,13.508,3.545
155319,1,6.236,1.078,99.536,42.71,-28.130713,149.700867
GYRO: 155344,1,-0.394,2.287,0.996
155821,1,6.307,1.364,99.534,42.73,-28.130713,149.700867
GYRO: 155846,1,-0.791,-0.370,-1.630
156322,1,6.191,1.046,99.538,42.73,-28.130711,149.700851
GYRO: 156348,1,-0.317,3.218,-1.432
156823,1,6.347,1.346,99.535,42.73,-28.130711,149.700851
GYRO: 156849,1,0.751,1.920,-2.424
157324,1,6.317,1.086,99.536,42.73,-28.130707,149.700821
GYRO: 157350,1,-1.203,4.149,1.011
157826,1,6.105,1.351,99.536,42.74,-28.130707,149.700821
GYRO: 157852,1,0.919,7.142,0.278
158328,1,6.184,1.051,99.534,42.74,-28.130701,149.700806
GYRO: 158354,1,2.400,3.600,-1.233
158829,1,6.105,1.301,99.537,42.74,-28.130701,149.700806
GYRO: 158855,1,0.797,3.035,1.118
159332,1,6.204,1.068,99.536,42.75,-28.130699,149.700775
GYRO: 159358,1,0.843,-3.393,0.797
159834,1,6.367,1.363,99.539,42.75,-28.130699,149.700775
GYRO: 159865,1,0.858,2.348,1.439
160336,1,6.230,1.083,99.535,42.75,-28.130693,149.700729
GYRO: 160361,1,0.324,-8.278,2.889
160837,1,6.250,1.332,99.539,42.76,-28.130693,149.700729
GYRO: 160863,1,1.499,-23.683,-1.447
161339,1,6.235,1.042,99.535,42.76,-28.130692,149.700714
GYRO: 161365,1,-5.371,-42.416,0.507
161840,1,6.221,1.378,99.536,42.76,-28.130692,149.700714
GYRO: 161866,1,-3.508,-12.660,0.935
162341,1,6.442,1.067,99.537,42.77,-28.130688,149.700684
GYRO: 162367,1,-0.531,-15.423,-0.256
162843,1,6.285,1.383,99.537,42.77,-28.130688,149.700684
GYRO: 162869,1,1.851,0.653,0.339
163345,1,6.282,1.090,99.538,42.76,-28.130686,149.700668
GYRO: 163370,1,-1.371,3.447,-0.790
163846,1,6.406,1.390,99.536,42.78,-28.130686,149.700668
GYRO: 163872,1,-0.684,-1.851,-1.447
164348,1,6.544,1.079,99.532,42.76,-28.130682,149.700653
GYRO: 164374,1,1.209,0.165,0.217
164849,1,6.367,1.334,99.535,42.77,-28.130682,149.700653
GYRO: 164875,1,1.133,0.104,-0.394
165350,1,6.341,1.075,99.535,42.77,-28.130680,149.700623
GYRO: 165382,1,-1.172,2.516,-0.516
165852,1,6.474,1.410,99.535,42.78,-28.130680,149.700623
GYRO: 165878,1,0.858,-3.820,-0.531
166354,1,6.554,1.077,99.536,42.78,-28.130676,149.700607
GYRO: 166379,1,-0.073,0.775,-0.439
166855,1,6.316,1.358,99.539,42.78,-28.130676,149.700607
GYRO: 166881,1,0.156,-3.316,-1.081
167358,1,6.304,1.091,99.537,42.78,-28.130672,149.700577
GYRO: 167383,1,1.545,-1.240,-0.577
167859,1,6.344,1.367,99.535,42.79,-28.130672,149.700577
GYRO: 167885,1,2.293,-0.049,-1.783
168361,1,6.601,1.065,99.536,42.79,-28.130669,149.700562
GYRO: 168387,1,-0.027,-0.263,1.042
168863,1,6.342,1.363,99.536,42.79,-28.130669,149.700562
GYRO: 168889,1,1.087,3.707,0.171
169365,1,6.621,1.065,99.534,42.79,-28.130665,149.700531
GYRO: 169391,1,2.675,-2.767,0.019
169867,1,6.625,1.374,99.533,42.79,-28.130665,149.700531
GYRO: 169893,1,0.553,3.386,-1.523
170369,1,6.674,1.096,99.531,42.78,-28.130659,149.700516
GYRO: 170397,1,0.309,2.439,-2.180
170871,1,6.653,1.364,99.531,42.79,-28.130659,149.700516
GYRO: 170903,1,1.988,-0.767,3.469
171373,1,6.693,1.086,99.536,42.81,-28.130655,149.700485
GYRO: 171399,1,1.408,-1.729,-1.783
171874,1,6.571,1.291,99.535,42.81,-28.130655,149.700485
GYRO: 171900,1,1.011,-1.881,-1.203
172375,1,6.621,1.080,99.535,42.81,-28.130651,149.700470
GYRO: 172401,1,0.751,2.119,0.782
172877,1,6.729,1.270,99.534,42.81,-28.130651,149.700470
GYRO: 172903,1,0.507,1.874,0.217
173378,1,6.703,1.060,99.529,42.82,-28.130650,149.700439
GYRO: 173404,1,0.965,-6.660,-1.600
173879,1,6.653,1.304,99.534,42.82,-28.130650,149.700439
GYRO: 173906,1,2.461,1.539,1.393
174380,1,6.810,1.031,99.533,42.80,-28.130648,149.700409
GYRO: 174406,1,1.866,0.836,0.171
174883,1,6.851,1.334,99.530,42.81,-28.130648,149.700409
GYRO: 174909,1,1.530,-3.042,-0.867
175386,1,6.854,1.076,99.532,42.83,-28.130644,149.700378
GYRO: 175412,1,2.263,-6.141,-1.813
175888,1,6.779,1.304,99.535,42.83,-28.130644,149.700378
GYRO: 175914,1,1.408,4.012,-0.821
176390,1,7.030,1.112,99.529,42.81,-28.130644,149.700348
GYRO: 176422,1,0.370,-3.896,-1.325
176892,1,6.930,1.331,99.530,42.83,-28.130644,149.700348
GYRO: 176919,1,0.354,-3.729,-1.813
177394,1,6.960,1.086,99.531,42.83,-28.130640,149.700333
GYRO: 177420,1,-0.348,-4.095,-0.623
177895,1,7.143,1.281,99.526,42.83,-28.130640,149.700333
GYRO: 177922,1,1.973,-5.103,0.721
178396,1,7.256,1.084,99.527,42.84,-28.130638,149.700302
GYRO: 178422,1,-1.661,-6.431,-1.035
178898,1,7.333,1.338,99.531,42.84,-28.130638,149.700302
GYRO: 178925,1,0.965,-7.225,-1.645
179400,1,7.257,1.107,99.531,42.84,-28.130636,149.700272
GYRO: 179426,1,-0.669,0.027,-1.997
179902,1,7.337,1.244,99.528,42.84,-28.130636,149.700272
GYRO: 179928,1,-1.982,-1.561,-0.439
180403,1,7.568,1.146,99.527,42.84,-28.130636,149.700256
GYRO: 180430,1,-2.134,-0.034,1.042
180904,1,7.451,1.300,99.530,42.85,-28.130636,149.700256
GYRO: 180930,1,-1.676,-2.370,0.309
181406,1,7.427,1.111,99.529,42.86,-28.130634,149.700226
GYRO: 181432,1,-0.424,3.813,0.813
181908,1,7.236,1.290,99.528,42.86,-28.130634,149.700226
GYRO: 181940,1,-1.493,3.157,-0.012
182409,1,7.332,1.108,99.523,42.85,-28.130632,149.700195
GYRO: 182436,1,-1.096,4.592,1.393
182910,1,7.512,1.304,99.527,42.86,-28.130632,149.700195
GYRO: 182937,1,0.309,-3.209,-0.226
183413,1,7.435,1.129,99.530,42.87,-28.130629,149.700180
GYRO: 183439,1,-1.478,2.684,0.813
183914,1,7.634,1.268,99.527,42.87,-28.130629,149.700180
GYRO: 183941,1,1.866,-0.599,1.561
184416,1,7.448,1.094,99.527,42.86,-28.130627,149.700150
GYRO: 184442,1,-1.768,-3.026,-0.134
184919,1,7.312,1.325,99.530,42.87,-28.130627,149.700150
GYRO: 184949,1,0.461,3.859,0.309
185419,1,7.002,1.168,99.531,42.87,-28.130625,149.700119
GYRO: 185485,1,0.461,3.829,4.034
185920,1,7.333,1.263,99.528,42.88,-28.130625,149.700119
GYRO: 185949,1,-0.088,4.165,-0.897
186421,1,7.458,1.079,99.529,42.88,-28.130619,149.700089
GYRO: 186447,1,0.904,-1.942,-1.325
186924,1,7.547,1.253,99.527,42.89,-28.130619,149.700089
GYRO: 186950,1,-0.531,9.691,1.332
187427,1,7.551,1.112,99.529,42.89,-28.130615,149.700058
GYRO: 187459,1,1.881,0.699,1.652
187928,1,7.504,1.275,99.528,42.89,-28.130615,149.700058
GYRO: 187955,1,0.064,-3.255,-1.523
188430,1,7.488,1.127,99.527,42.89,-28.130613,149.700043
GYRO: 188456,1,0.415,-4.461,-0.989
188932,1,7.431,1.258,99.528,42.89,-28.130613,149.700043
GYRO: 188958,1,0.446,-2.965,-2.668
189434,1,7.398,1.118,99.526,42.90,-28.130611,149.700027
GYRO: 189460,1,0.919,-6.248,-0.317
189935,1,7.556,1.266,99.526,42.90,-28.130611,149.700027
GYRO: 189961,1,1.820,-10.996,-2.149
190437,1,7.366,1.076,99.527,42.90,-28.130608,149.699997
GYRO: 190467,1,0.232,-2.965,-1.920
190938,1,7.539,1.286,99.525,42.91,-28.130608,149.699997
GYRO: 190964,1,-1.340,-1.469,-0.470
191439,1,7.776,1.114,99.524,42.91,-28.130604,149.699966
GYRO: 191465,1,0.476,-2.431,-0.210
191941,1,7.689,1.259,99.524,42.90,-28.130604,149.699966
GYRO: 191967,1,0.263,-2.217,-0.088
192443,1,7.882,1.160,99.524,42.91,-28.130600,149.699951
GYRO: 192469,1,-0.058,-2.248,-1.157
192944,1,7.830,1.243,99.522,42.91,-28.130600,149.699951
GYRO: 192976,1,-1.585,2.775,0.858
193446,1,7.856,1.139,99.524,42.92,-28.130596,149.699921
GYRO: 193472,1,0.278,-0.080,0.675
193947,1,7.968,1.249,99.525,42.92,-28.130596,149.699921
GYRO: 193973,1,-0.027,-4.736,-0.531
194449,1,8.213,1.141,99.525,42.93,-28.130594,149.699905
GYRO: 194475,1,-0.134,3.065,0.675
194951,1,8.113,1.259,99.523,42.92,-28.130594,149.699905
GYRO: 194977,1,-1.264,2.668,-0.103
195452,1,8.016,1.125,99.522,42.93,-28.130592,149.699875
GYRO: 195478,1,-0.348,-1.606,-0.042
195954,1,8.261,1.233,99.519,42.93,-28.130592,149.699875
GYRO: 195984,1,1.072,1.752,0.049
196455,1,8.372,1.138,99.522,42.93,-28.130589,149.699860
GYRO: 196481,1,-1.325,-1.469,0.523
196956,1,8.190,1.247,99.523,42.93,-28.130589,149.699860
GYRO: 196982,1,-0.821,5.630,-0.439
197458,1,8.073,1.137,99.522,42.94,-28.130585,149.699829
GYRO: 197483,1,0.354,2.180,-0.531
197960,1,8.384,1.254,99.522,42.94,-28.130585,149.699829
GYRO: 197986,1,0.385,-4.202,0.248
198462,1,8.197,1.113,99.522,42.94,-28.130581,149.699814
GYRO: 198488,1,0.934,-0.003,1.820
198964,1,8.069,1.231,99.521,42.94,-28.130581,149.699814
GYRO: 198989,1,2.385,2.760,1.194
199466,1,8.301,1.137,99.519,42.93,-28.130577,149.699783
GYRO: 199491,1,0.415,-0.507,-0.226
199967,1,8.217,1.257,99.522,42.94,-28.130577,149.699783
GYRO: 199992,1,-1.111,12.058,2.446
200468,1,8.026,1.154,99.521,42.95,-28.130575,149.699753
GYRO: 200493,1,1.194,-0.568,0.889
200969,1,8.210,1.221,99.524,42.97,-28.130575,149.699753
GYRO: 201000,1,0.797,-2.293,-1.203
201471,1,8.086,1.132,99.523,42.97,-28.130571,149.699722
GYRO: 201500,1,-0.424,2.546,-2.561
201972,1,8.238,1.212,99.523,42.97,-28.130571,149.699722
GYRO: 201997,1,1.591,-3.958,0.278
202474,1,8.306,1.153,99.521,42.97,-28.130569,149.699707
GYRO: 202499,1,0.049,-5.667,-2.668
202975,1,8.277,1.157,99.518,42.98,-28.130569,149.699707
GYRO: 203000,1,2.583,-7.927,-0.424
203477,1,8.053,1.181,99.526,42.99,-28.130568,149.699692
GYRO: 203502,1,0.934,-2.416,-0.546
203978,1,8.166,1.195,99.524,42.99,-28.130568,149.699692
GYRO: 204003,1,0.705,2.684,1.179
204479,1,8.073,1.120,99.518,42.98,-28.130564,149.699661
GYRO: 204505,1,0.049,2.241,-1.584
204981,1,8.415,1.159,99.520,42.99,-28.130564,149.699661
GYRO: 205006,1,-0.119,2.378,-1.508
205482,1,8.292,1.109,99.523,43.01,-28.130564,149.699646
GYRO: 205507,1,-0.455,-4.767,-1.157
205983,1,8.214,1.196,99.522,43.00,-28.130564,149.699646
GYRO: 206008,1,1.087,-4.706,0.843
206485,1,8.250,1.130,99.522,43.00,-28.130560,149.699615
GYRO: 206510,1,-0.149,-1.209,1.454
206986,1,8.108,1.209,99.524,43.00,-28.130560,149.699615
GYRO: 207015,1,0.553,6.287,-0.821
207489,1,8.257,1.158,99.523,43.01,-28.130556,149.699600
GYRO: 207514,1,-0.623,6.699,0.156
207990,1,8.159,1.188,99.524,43.01,-28.130556,149.699600
GYRO: 208016,1,0.354,-0.019,-1.126
208492,1,8.068,1.132,99.524,43.02,-28.130556,149.699570
GYRO: 208517,1,0.599,-12.187,-0.073
208993,1,8.267,1.195,99.519,43.01,-28.130556,149.699570
GYRO: 209018,1,0.309,9.691,4.003
209494,1,8.252,1.166,99.521,43.02,-28.130552,149.699554
GYRO: 209520,1,1.423,-0.064,-2.058
209995,1,8.286,1.213,99.521,43.02,-28.130552,149.699554
GYRO: 210021,1,2.278,0.958,2.110
210497,1,8.270,1.171,99.521,43.03,-28.130550,149.699524
GYRO: 210522,1,0.965,3.157,0.614
210999,1,8.369,1.187,99.521,43.04,-28.130550,149.699524
GYRO: 211024,1,0.767,0.012,-2.103
211501,1,8.342,1.149,99.523,43.03,-28.130548,149.699509
GYRO: 211526,1,0.675,-3.026,0.461
212002,1,8.221,1.190,99.520,43.04,-28.130548,149.699509
GYRO: 212027,1,1.209,1.233,-0.638
212503,1,8.372,1.207,99.520,43.04,-28.130547,149.699478
GYRO: 212533,1,1.545,0.623,-1.630
213004,1,8.433,1.189,99.519,43.04,-28.130547,149.699478
GYRO: 213029,1,1.194,-6.385,-0.485
213505,1,8.381,1.164,99.523,43.05,-28.130545,149.699463
GYRO: 213530,1,1.652,3.707,-1.035
214007,1,8.659,1.196,99.519,43.04,-28.130545,149.699463
GYRO: 214033,1,2.446,1.539,-0.485
214508,1,8.568,1.226,99.521,43.05,-28.130543,149.699417
GYRO: 214534,1,1.454,0.867,-1.508
215009,1,8.491,1.172,99.519,43.05,-28.130543,149.699417
GYRO: 215035,1,0.996,-4.217,0.568
215510,1,8.645,1.246,99.518,43.05,-28.130541,149.699402
GYRO: 215536,1,0.553,-0.538,0.324
216011,1,8.496,1.218,99.521,43.06,-28.130541,149.699402
GYRO: 216036,1,0.049,1.508,-0.943
216512,1,8.290,1.208,99.521,43.06,-28.130535,149.699371
GYRO: 216537,1,0.156,-1.530,0.843
217014,1,8.319,1.228,99.520,43.06,-28.130535,149.699371
GYRO: 217040,1,-1.737,-5.194,0.965
217515,1,8.605,1.181,99.518,43.06,-28.130535,149.699356
GYRO: 217540,1,0.354,0.378,-1.004
218017,1,8.618,1.180,99.521,43.06,-28.130535,149.699356
GYRO: 218062,1,-0.760,7.249,0.919
218518,1,8.533,1.161,99.516,43.07,-28.130533,149.699326
GYRO: 218544,1,-0.775,1.676,-1.065
219020,1,8.760,1.164,99.516,43.07,-28.130533,149.699326
GYRO: 219045,1,0.828,-2.889,-1.905
219521,1,8.719,1.204,99.521,43.08,-28.130531,149.699310
GYRO: 219547,1,-0.134,1.325,0.110
220022,1,8.826,1.164,99.512,43.07,-28.130531,149.699310
GYRO: 220047,1,-0.577,-6.461,1.301
220524,1,8.958,1.197,99.518,43.08,-28.130529,149.699280
GYRO: 220549,1,-1.020,6.241,-1.493
221025,1,9.287,1.122,99.515,43.08,-28.130529,149.699280
GYRO: 221050,1,0.110,-4.187,0.614
221526,1,9.230,1.169,99.514,43.09,-28.130527,149.699265
GYRO: 221552,1,-0.043,-2.629,0.553
222028,1,9.384,1.162,99.516,43.09,-28.130527,149.699265
GYRO: 222053,1,0.538,-4.751,-0.561
222530,1,9.121,1.198,99.515,43.09,-28.130526,149.699234
GYRO: 222555,1,0.675,1.142,1.362
223031,1,9.259,1.120,99.513,43.10,-28.130526,149.699234
GYRO: 223056,1,0.538,-4.782,-0.256
223533,1,9.236,1.198,99.514,43.09,-28.130524,149.699219
GYRO: 223564,1,0.492,0.943,1.362
224034,1,8.961,1.153,99.516,43.10,-28.130524,149.699219
GYRO: 224059,1,0.080,5.844,0.492
224536,1,9.254,1.203,99.519,43.11,-28.130520,149.699188
GYRO: 224561,1,0.034,-0.263,-0.897
225037,1,9.169,1.106,99.516,43.11,-28.130520,149.699188
GYRO: 225063,1,-1.371,1.478,-0.638
225539,1,9.339,1.181,99.514,43.11,-28.130516,149.699173
GYRO: 225565,1,-0.898,-3.820,-1.126
226040,1,9.471,1.158,99.508,43.08,-28.130516,149.699173
GYRO: 226066,1,-1.478,6.546,1.011
226541,1,9.631,1.199,99.512,43.12,-28.130514,149.699142
GYRO: 226571,1,-0.791,1.020,0.263
227043,1,9.467,1.169,99.513,43.12,-28.130514,149.699142
GYRO: 227068,1,0.873,0.104,0.217
227545,1,9.656,1.239,99.514,43.12,-28.130512,149.699127
GYRO: 227570,1,1.973,2.699,0.355
228046,1,9.462,1.168,99.507,43.11,-28.130512,149.699127
GYRO: 228071,1,3.041,-4.935,-0.439
228548,1,9.538,1.245,99.511,43.12,-28.130508,149.699081
GYRO: 228573,1,-0.180,5.157,-0.974
229049,1,9.580,1.160,99.510,43.13,-28.130508,149.699081
GYRO: 229074,1,0.476,-3.164,-0.516
229550,1,9.713,1.300,99.509,43.13,-28.130508,149.699066
GYRO: 229698,1,-2.775,4.607,0.126
230051,1,9.882,1.034,99.512,43.15,-28.130508,149.699066
GYRO: 230115,1,-1.829,1.722,0.813
230553,1,9.680,1.241,99.508,43.13,-28.130505,149.699051
GYRO: 230579,1,-0.989,-0.355,2.217
231055,1,9.717,1.132,99.509,43.14,-28.130505,149.699051
GYRO: 231081,1,-4.119,3.416,-0.470
231557,1,9.783,1.251,99.513,43.15,-28.130505,149.699020
GYRO: 231585,1,-3.004,-3.698,1.179
232059,1,9.755,1.164,99.510,43.14,-28.130505,149.699020
GYRO: 232089,1,-5.249,1.569,1.194
232560,1,9.547,1.234,99.510,43.14,-28.130501,149.699005
GYRO: 232586,1,-1.966,-4.813,1.774
233061,1,9.703,1.160,99.513,43.15,-28.130501,149.699005
GYRO: 233087,1,-3.676,-8.355,0.232
233562,1,9.676,1.268,99.511,43.15,-28.130495,149.698990
GYRO: 233588,1,0.003,5.279,-0.790
234065,1,9.692,1.151,99.511,43.15,-28.130495,149.698990
GYRO: 234091,1,2.003,5.157,-1.737
234566,1,9.570,1.301,99.511,43.16,-28.130493,149.698975
GYRO: 234592,1,0.996,4.638,-0.027
235068,1,9.622,1.125,99.514,43.17,-28.130493,149.698975
GYRO: 235094,1,4.156,0.180,-1.936
235570,1,9.722,1.243,99.512,43.16,-28.130491,149.698959
GYRO: 235596,1,-0.348,10.317,1.255
236071,1,9.476,1.125,99.511,43.16,-28.130491,149.698959
GYRO: 236097,1,1.683,-0.736,-1.676
236573,1,9.824,1.247,99.507,43.16,-28.130487,149.698929
GYRO: 236599,1,1.881,-1.500,-0.852
237075,1,9.690,1.119,99.511,43.18,-28.130487,149.698929
GYRO: 237101,1,3.408,0.821,2.309
237576,1,9.740,1.255,99.509,43.18,-28.130484,149.698914
GYRO: 237607,1,1.454,-4.874,-1.981
238077,1,9.671,1.137,99.514,43.18,-28.130484,149.698914
GYRO: 238103,1,0.583,1.798,1.561
238578,1,9.805,1.222,99.511,43.18,-28.130484,149.698898
GYRO: 238604,1,0.095,2.424,0.278
239079,1,9.747,1.111,99.508,43.19,-28.130484,149.698898
GYRO: 239105,1,1.469,7.004,0.538
239581,1,9.607,1.252,99.509,43.18,-28.130480,149.698883
GYRO: 239607,1,4.400,2.745,-0.332
240082,1,9.947,1.092,99.508,43.19,-28.130480,149.698883
GYRO: 240108,1,2.950,2.974,-3.462
240583,1,9.945,1.205,99.510,43.19,-28.130480,149.698883
GYRO: 240608,1,3.286,3.126,-1.676
241084,1,9.844,1.122,99.506,43.19,-28.130480,149.698883
GYRO: 241110,1,4.217,-4.431,-1.264
241585,1,9.786,1.212,99.507,43.20,-28.130480,149.698868
GYRO: 241611,1,6.202,-0.003,-1.172
242088,1,9.745,1.124,99.509,43.20,-28.130480,149.698868
GYRO: 242114,1,6.782,4.180,-2.226
242589,1,9.885,1.223,99.510,43.21,-28.130476,149.698853
GYRO: 242614,1,7.102,-1.255,-3.386
243091,1,9.803,1.122,99.509,43.21,-28.130476,149.698853
GYRO: 243121,1,7.255,1.615,-2.287
243592,1,10.002,1.292,99.508,43.21,-28.130476,149.698837
GYRO: 243618,1,8.354,1.371,-4.119
244095,1,9.957,1.105,99.507,43.21,-28.130476,149.698837
GYRO: 244121,1,5.759,7.554,-1.126
244597,1,10.123,1.270,99.509,43.22,-28.130476,149.698837
GYRO: 244623,1,7.484,-0.080,-2.241
245100,1,9.926,1.090,99.509,43.22,-28.130476,149.698837
GYRO: 245126,1,7.560,0.913,-1.157
245601,1,9.897,1.302,99.509,43.22,-28.130476,149.698822
GYRO: 245627,1,8.293,-3.484,-4.012
246103,1,10.105,1.097,99.511,43.23,-28.130476,149.698822
GYRO: 246129,1,9.011,-7.271,-3.371
246605,1,10.004,1.299,99.508,43.23,-28.130476,149.698807
GYRO: 246631,1,8.034,-0.248,-2.455
247108,1,9.983,1.102,99.507,43.22,-28.130476,149.698807
GYRO: 247139,1,7.912,-1.240,-1.279
247610,1,9.907,1.280,99.510,43.24,-28.130480,149.698807
GYRO: 247636,1,1.988,-0.690,-0.729
248111,1,9.812,1.120,99.509,43.23,-28.130480,149.698807
GYRO: 248137,1,1.438,-3.988,-1.386
248612,1,9.865,1.289,99.508,43.24,-28.130484,149.698792
GYRO: 248642,1,-4.180,2.394,1.026
249113,1,10.013,1.115,99.507,43.24,-28.130484,149.698792
GYRO: 249140,1,-3.218,-11.148,2.889
249615,1,10.132,1.289,99.508,43.24,-28.130486,149.698761
GYRO: 249641,1,-3.646,9.172,0.675
250116,1,10.097,1.126,99.509,43.24,-28.130486,149.698761
GYRO: 250142,1,-4.745,-12.553,0.339
250618,1,9.878,1.288,99.510,43.25,-28.130487,149.698746
GYRO: 250644,1,-8.806,-1.683,0.797
251121,1,10.112,1.135,99.507,43.25,-28.130487,149.698746
GYRO: 251147,1,-5.356,-11.820,-0.012
251623,1,9.890,1.296,99.509,43.25,-28.130491,149.698746
GYRO: 251649,1,-12.485,10.363,4.400
252126,1,10.132,1.095,99.505,43.26,-28.130491,149.698746
GYRO: 252152,1,-7.966,-16.355,2.324
252627,1,10.221,1.293,99.507,43.25,-28.130491,149.698730
GYRO: 252653,1,-9.783,6.562,1.805
253129,1,10.146,1.068,99.510,43.27,-28.130491,149.698730
GYRO: 253155,1,-10.806,-2.645,-0.027
253631,1,10.061,1.332,99.509,43.28,-28.130493,149.698715
GYRO: 253657,1,-9.829,-13.377,1.301
254133,1,10.053,1.101,99.509,43.28,-28.130493,149.698715
GYRO: 254163,1,-7.844,9.447,6.141
254634,1,9.941,1.263,99.507,43.27,-28.130493,149.698700
GYRO: 254660,1,-8.470,1.737,2.293
255137,1,9.910,1.072,99.508,43.28,-28.130493,149.698700
GYRO: 255163,1,-5.951,3.981,5.408
255639,1,9.668,1.288,99.513,43.29,-28.130491,149.698669
GYRO: 255665,1,-6.440,0.546,3.759
256140,1,9.989,1.088,99.509,43.28,-28.130491,149.698669
GYRO: 256166,1,-5.279,-6.965,4.675
256641,1,9.638,1.324,99.509,43.28,-28.130487,149.698654
GYRO: 256667,1,-6.104,1.187,4.568
257142,1,9.533,1.071,99.510,43.28,-28.130487,149.698654
GYRO: 257168,1,-3.676,9.020,3.286
257644,1,9.666,1.301,99.512,43.29,-28.130484,149.698624
GYRO: 257670,1,-1.859,7.081,2.858
258146,1,9.639,1.139,99.510,43.30,-28.130484,149.698624
GYRO: 258172,1,-4.531,11.676,7.026
258647,1,9.773,1.381,99.506,43.29,-28.130478,149.698593
GYRO: 258673,1,0.080,-4.950,2.080
259149,1,9.837,1.124,99.509,43.30,-28.130478,149.698593
GYRO: 259175,1,0.568,3.203,1.881
259651,1,10.058,1.297,99.509,43.30,-28.130470,149.698578
GYRO: 259682,1,1.957,-5.362,-0.943
260152,1,9.967,1.093,99.509,43.30,-28.130470,149.698578
GYRO: 260178,1,1.347,2.363,1.668
260653,1,10.013,1.334,99.509,43.31,-28.130468,149.698578
GYRO: 260679,1,-0.623,4.363,-0.256
261156,1,10.016,1.089,99.510,43.31,-28.130468,149.698578
GYRO: 261182,1,0.415,-1.667,-0.439
261657,1,10.209,1.376,99.506,43.31,-28.130468,149.698578
GYRO: 261683,1,-0.577,3.798,-1.218
262160,1,10.409,1.135,99.504,43.31,-28.130468,149.698578
GYRO: 262186,1,0.400,5.096,1.103
262662,1,10.500,1.319,99.505,43.32,-28.130468,149.698578
GYRO: 262765,1,-0.302,0.287,-0.271
263163,1,10.136,1.069,99.507,43.32,-28.130468,149.698578
GYRO: 263189,1,-0.378,4.607,-0.928
263665,1,10.275,1.336,99.505,43.33,-28.130468,149.698563
GYRO: 263691,1,-0.455,-0.736,-1.707
264167,1,10.534,1.088,99.506,43.33,-28.130468,149.698563
GYRO: 264194,1,-0.272,1.600,0.126
264669,1,10.068,1.372,99.507,43.34,-28.130472,149.698563
GYRO: 264695,1,2.125,-5.942,-1.722
265171,1,10.307,1.090,99.503,43.34,-28.130472,149.698563
GYRO: 265202,1,-0.211,-2.492,-0.027
265673,1,10.467,1.327,99.506,43.34,-28.130472,149.698563
GYRO: 265699,1,0.721,-0.446,-0.042
266175,1,10.384,1.060,99.510,43.34,-28.130472,149.698563
GYRO: 266202,1,0.385,-0.248,-0.287
266676,1,10.113,1.349,99.505,43.34,-28.130476,149.698563
GYRO: 266703,1,0.385,2.684,0.156
267177,1,10.238,1.053,99.503,43.34,-28.130476,149.698563
GYRO: 267203,1,1.255,-3.240,-0.577
267678,1,10.429,1.363,99.504,43.34,-28.130478,149.698563
GYRO: 267705,1,0.644,-1.820,-0.714
268180,1,10.397,1.064,99.507,43.35,-28.130478,149.698563
GYRO: 268206,1,-0.012,3.783,0.492
268681,1,10.417,1.322,99.506,43.35,-28.130480,149.698563
GYRO: 268708,1,0.431,-5.729,-0.821
269182,1,10.205,1.074,99.510,43.36,-28.130480,149.698563
GYRO: 269209,1,0.415,0.562,0.324
269684,1,9.940,1.360,99.511,43.35,-28.130480,149.698563
GYRO: 269710,1,-0.180,0.226,-0.287
270185,1,9.760,1.072,99.511,43.36,-28.130480,149.698563
GYRO: 270211,1,0.354,-0.919,0.629
270686,1,9.394,1.367,99.512,43.36,-28.130480,149.698563
GYRO: 270717,1,-0.226,-0.645,0.217
271188,1,9.800,1.063,99.511,43.36,-28.130480,149.698563
GYRO: 271214,1,0.018,4.714,2.187
271689,1,9.918,1.324,99.507,43.36,-28.130480,149.698563
GYRO: 271716,1,0.568,1.554,-0.424
272190,1,10.121,1.032,99.508,43.36,-28.130480,149.698563
GYRO: 272217,1,-0.394,1.798,-2.760
272692,1,10.040,1.326,99.507,43.36,-28.130476,149.698547
GYRO: 272719,1,-1.111,3.386,-0.424
273193,1,9.841,1.085,99.508,43.36,-28.130476,149.698547
GYRO: 273219,1,-0.485,-1.423,-4.027
273694,1,9.780,1.401,99.507,43.37,-28.130472,149.698532
GYRO: 273720,1,-1.142,14.500,1.591
274195,1,10.004,1.034,99.507,43.37,-28.130472,149.698532
GYRO: 274262,1,1.301,-0.095,1.591
274697,1,9.895,1.423,99.508,43.37,-28.130461,149.698502
GYRO: 274723,1,-1.478,-15.637,-4.088
275198,1,10.074,1.062,99.508,43.37,-28.130461,149.698502
GYRO: 275224,1,0.431,-12.278,-0.531
275699,1,9.912,1.446,99.507,43.38,-28.130449,149.698471
GYRO: 275725,1,4.003,0.974,-0.287
276201,1,9.680,1.052,99.513,43.39,-28.130449,149.698471
GYRO: 276231,1,1.728,6.974,0.706
276704,1,9.624,1.420,99.513,43.38,-28.130440,149.698425
GYRO: 276730,1,2.141,-20.248,-6.378
277205,1,9.586,1.079,99.509,43.38,-28.130440,149.698425
GYRO: 277231,1,3.255,-0.110,-1.798
277707,1,9.828,1.469,99.509,43.39,-28.130430,149.698395
GYRO: 277735,1,3.316,-3.729,-2.119
278208,1,9.731,1.062,99.513,43.40,-28.130430,149.698395
GYRO: 278234,1,5.057,-7.103,-2.058
278710,1,9.644,1.432,99.511,43.39,-28.130421,149.698349
GYRO: 278736,1,3.835,-4.049,-1.890
279211,1,9.473,1.072,99.513,43.40,-28.130421,149.698349
GYRO: 279237,1,4.431,0.806,-1.874
279713,1,9.643,1.452,99.511,43.39,-28.130411,149.698318
GYRO: 279739,1,3.194,7.569,-0.867
280214,1,9.342,1.057,99.514,43.40,-28.130411,149.698318
GYRO: 280240,1,4.996,-0.874,-0.714
280716,1,9.304,1.388,99.512,43.40,-28.130404,149.698288
GYRO: 280742,1,5.973,-5.194,-3.340
281217,1,9.010,1.043,99.513,43.39,-28.130404,149.698288
GYRO: 281243,1,6.446,-1.271,-1.203
281719,1,9.036,1.458,99.515,43.41,-28.130398,149.698257
GYRO: 281749,1,7.438,5.035,-1.294
282222,1,9.015,1.044,99.516,43.41,-28.130398,149.698257
GYRO: 282248,1,2.003,12.485,-5.157
282723,1,8.734,1.450,99.518,43.41,-28.130396,149.698227
GYRO: 282749,1,8.858,5.554,-4.775
283224,1,9.014,1.048,99.515,43.42,-28.130396,149.698227
GYRO: 283250,1,10.247,-0.874,-7.813
283726,1,8.971,1.398,99.516,43.42,-28.130392,149.698196
GYRO: 283752,1,12.003,-9.958,-4.806
284229,1,8.868,1.068,99.516,43.42,-28.130392,149.698196
GYRO: 284255,1,13.912,11.997,-3.096
284730,1,8.926,1.389,99.517,43.43,-28.130392,149.698166
GYRO: 284756,1,12.293,-6.538,-0.623
285231,1,8.618,1.095,99.521,43.42,-28.130392,149.698166
GYRO: 285256,1,7.225,19.783,-0.012
285733,1,8.456,1.516,99.520,43.42,-28.130388,149.698135
GYRO: 285759,1,4.309,0.623,-7.981
286235,1,8.628,1.023,99.521,43.43,-28.130388,149.698135
GYRO: 286260,1,12.278,-9.011,-9.920
286737,1,8.493,1.380,99.519,43.44,-28.130390,149.698074
GYRO: 286762,1,10.339,6.485,-4.027
287239,1,8.427,1.104,99.520,43.43,-28.130390,149.698074
GYRO: 287281,1,9.102,2.760,-3.951
287740,1,8.313,1.535,99.519,43.44,-28.130396,149.698044
GYRO: 287765,1,13.347,-10.217,-0.607
288242,1,8.433,1.095,99.520,43.43,-28.130396,149.698044
GYRO: 288267,1,11.102,3.462,-6.363
288744,1,8.290,1.443,99.519,43.44,-28.130404,149.698013
GYRO: 288768,1,13.286,-2.843,-4.348
289245,1,8.309,1.082,99.524,43.44,-28.130404,149.698013
GYRO: 289270,1,9.423,12.668,-2.653
289746,1,8.187,1.434,99.521,43.44,-28.130417,149.697983
GYRO: 289771,1,10.797,9.691,-2.088
290248,1,8.241,1.065,99.524,43.45,-28.130417,149.697983
GYRO: 290273,1,11.622,-0.400,-5.630
290749,1,8.178,1.450,99.522,43.45,-28.130432,149.697968
GYRO: 290774,1,5.988,20.363,-1.859
291252,1,8.081,1.079,99.522,43.45,-28.130432,149.697968
GYRO: 291277,1,12.385,3.264,-3.386
291754,1,7.985,1.484,99.523,43.46,-28.130449,149.697937
GYRO: 291779,1,10.843,2.485,-0.012
292256,1,7.932,1.083,99.525,43.45,-28.130449,149.697937
GYRO: 292281,1,14.293,-8.080,-3.477
292758,1,7.761,1.513,99.526,43.46,-28.130472,149.697906
GYRO: 292790,1,13.057,5.569,-3.111
293259,1,7.915,1.066,99.527,43.46,-28.130472,149.697906
GYRO: 293284,1,12.751,-7.087,-5.569
293760,1,7.910,1.493,99.525,43.47,-28.130495,149.697891
GYRO: 293785,1,11.499,-1.759,-3.081
294262,1,8.163,1.058,99.522,43.46,-28.130495,149.697891
GYRO: 294287,1,11.438,-2.522,-3.294
294762,1,8.337,1.540,99.519,43.46,-28.130520,149.697876
GYRO: 294787,1,12.003,-1.515,-3.172
295263,1,8.448,1.088,99.521,43.46,-28.130520,149.697876
GYRO: 295289,1,11.026,4.714,-2.653
295766,1,8.632,1.518,99.516,43.48,-28.130548,149.697845
GYRO: 295791,1,11.576,3.981,-4.455
296268,1,8.779,1.031,99.520,43.48,-28.130548,149.697845
GYRO: 296293,1,9.912,4.073,-2.623
296770,1,8.878,1.556,99.516,43.48,-28.130575,149.697830
GYRO: 296795,1,6.278,10.241,1.179
297272,1,8.778,1.067,99.519,43.48,-28.130575,149.697830
GYRO: 297297,1,6.156,18.592,1.698
297773,1,8.747,1.427,99.514,43.47,-28.130606,149.697830
GYRO: 297798,1,11.316,-12.339,-2.607
298275,1,8.815,1.033,99.519,43.48,-28.130606,149.697830
GYRO: 298305,1,8.217,1.798,1.011
298778,1,8.660,1.453,99.518,43.48,-28.130638,149.697815
GYRO: 298803,1,7.805,-6.263,-6.027
299281,1,8.474,1.039,99.520,43.49,-28.130638,149.697815
GYRO: 299306,1,6.324,-3.835,-4.241
299783,1,7.921,1.453,99.526,43.49,-28.130672,149.697815
GYRO: 299808,1,6.400,-8.477,-3.264
300286,1,7.770,1.052,99.526,43.49,-28.130672,149.697815
GYRO: 300311,1,7.881,-8.034,-4.943
300787,1,7.724,1.437,99.527,43.50,-28.130707,149.697784
GYRO: 300813,1,7.393,-15.790,-2.699
301289,1,7.824,1.042,99.527,43.50,-28.130707,149.697784
GYRO: 301314,1,7.484,-8.003,-4.577
301791,1,7.960,1.363,99.526,43.50,-28.130739,149.697784
GYRO: 301817,1,4.980,-15.393,-7.829
302293,1,7.878,1.077,99.523,43.50,-28.130739,149.697784
GYRO: 302318,1,13.988,-46.935,-5.981
302794,1,8.191,1.268,99.511,43.41,-28.130775,149.697784
GYRO: 302819,1,5.728,-4.339,-1.737
303295,1,9.073,1.071,99.518,43.40,-28.130775,149.697784
GYRO: 303320,1,8.293,-13.255,-1.676
303796,1,8.421,1.123,99.519,43.44,-28.130775,149.697784
GYRO: 303826,1,5.316,-2.064,2.721
304298,1,8.515,1.037,99.518,43.42,-28.130816,149.697815
GYRO: 304323,1,3.851,5.294,-0.836
304800,1,8.658,1.036,99.522,43.40,-28.130865,149.697815
GYRO: 304825,1,-7.096,36.363,7.026
305303,1,8.921,1.015,99.515,43.38,-28.130865,149.697815
GYRO: 305328,1,1.530,-7.988,-1.477
305806,1,9.139,1.039,99.515,43.39,-28.130865,149.697815
GYRO: 305831,1,5.805,3.264,-3.798
306309,1,9.228,1.023,99.513,43.37,-28.130865,149.697815
GYRO: 306335,1,1.469,0.165,0.293
306811,1,9.266,1.042,99.515,43.39,-28.130865,149.697815
GYRO: 306837,1,2.782,-3.515,-1.493
307312,1,9.047,1.100,99.514,43.39,-28.130865,149.697815
GYRO: 307338,1,3.423,-2.675,-1.661
307815,1,9.353,1.107,99.513,43.40,-28.130957,149.697815
GYRO: 307840,1,2.507,-14.217,-4.317
308318,1,9.229,1.041,99.514,43.41,-28.130966,149.697830
GYRO: 308350,1,1.820,-8.126,-1.157
308819,1,9.205,1.075,99.514,43.42,-28.130966,149.697830
GYRO: 308845,1,-0.684,0.546,1.362
309320,1,9.379,1.093,99.517,43.41,-28.130993,149.697830
GYRO: 309351,1,-0.302,-4.232,-1.142
309821,1,8.944,1.050,99.514,43.41,-28.130993,149.697830
GYRO: 309847,1,0.904,7.050,1.362
310322,1,9.301,1.007,99.513,43.41,-28.131035,149.697845
GYRO: 310348,1,0.125,6.348,0.996
310825,1,9.178,1.090,99.514,43.42,-28.131035,149.697845
GYRO: 310851,1,-0.073,9.340,1.561
311328,1,9.290,1.059,99.513,43.42,-28.131063,149.697861
GYRO: 311354,1,-0.394,-1.545,-2.088
311831,1,9.425,1.059,99.511,43.42,-28.131063,149.697861
GYRO: 311856,1,-1.233,-7.958,-0.058
312332,1,9.526,1.012,99.507,43.42,-28.131100,149.697861
GYRO: 312358,1,-1.142,-2.110,1.713
312833,1,9.592,1.117,99.512,43.42,-28.131100,149.697861
GYRO: 312859,1,-1.707,3.569,-1.126
313334,1,9.540,1.080,99.512,43.43,-28.131140,149.697876
GYRO: 313360,1,-1.081,0.165,1.332
313835,1,9.667,1.054,99.514,43.43,-28.131140,149.697876
GYRO: 313861,1,-1.172,-3.820,0.385
314336,1,9.314,1.046,99.512,43.44,-28.131180,149.697876
GYRO: 314362,1,-5.249,2.699,-0.302
314838,1,9.267,1.064,99.510,43.42,-28.131180,149.697876
GYRO: 314868,1,-1.997,7.813,-1.386
315338,1,9.241,1.052,99.511,43.44,-28.131216,149.697891
GYRO: 315364,1,0.828,-2.950,1.179
315840,1,9.403,1.052,99.517,43.45,-28.131216,149.697891
GYRO: 315866,1,-2.638,6.760,0.370
316342,1,9.163,1.080,99.517,43.46,-28.131252,149.697891
GYRO: 316367,1,0.919,-0.492,1.118
316844,1,9.504,1.036,99.510,43.45,-28.131252,149.697891
GYRO: 316870,1,0.629,-10.171,-2.516
317347,1,9.196,1.061,99.515,43.45,-28.131289,149.697906
GYRO: 317373,1,1.835,-4.629,-0.119
317848,1,9.068,1.068,99.516,43.44,-28.131289,149.697906
GYRO: 318051,1,-0.699,1.157,0.904
318350,1,9.766,1.018,99.514,43.42,-28.131289,149.697906
GYRO: 318418,1,-0.073,0.562,0.645
318851,1,8.524,1.048,99.522,43.46,-28.131289,149.697906
GYRO: 318877,1,0.553,2.119,-0.103
319353,1,8.640,1.086,99.516,43.45,-28.131350,149.697922
GYRO: 319379,1,-0.302,13.508,2.446
319854,1,9.051,1.068,99.519,43.46,-28.131350,149.697922
GYRO: 319880,1,0.614,-1.454,-0.852
320355,1,8.995,1.125,99.513,43.43,-28.131380,149.697922
GYRO: 320386,1,0.018,-10.828,-3.584
320856,1,9.043,1.068,99.515,43.45,-28.131380,149.697922
GYRO: 320882,1,-3.295,3.829,0.858
321357,1,8.685,1.090,99.516,43.45,-28.131416,149.697937
GYRO: 321383,1,1.774,-2.767,-2.195
321858,1,8.785,1.060,99.516,43.45,-28.131416,149.697937
GYRO: 321884,1,6.675,4.104,0.034
322360,1,8.618,1.073,99.520,43.46,-28.131441,149.697937
GYRO: 322386,1,8.049,-5.713,-2.745
322863,1,8.700,1.064,99.514,43.44,-28.131441,149.697937
GYRO: 322889,1,9.469,2.470,-1.416
323364,1,8.895,1.049,99.511,43.43,-28.131472,149.697937
GYRO: 323390,1,9.942,4.745,-3.600
323866,1,9.204,1.061,99.512,43.44,-28.131472,149.697937
GYRO: 323892,1,12.370,7.768,-4.165
324369,1,8.962,1.021,99.519,43.47,-28.131493,149.697952
GYRO: 324395,1,9.499,11.493,-1.890
324871,1,9.047,1.069,99.516,43.47,-28.131493,149.697952
GYRO: 324897,1,10.232,8.302,-3.981
325374,1,8.999,1.046,99.517,43.47,-28.131508,149.697952
GYRO: 325400,1,8.843,0.974,-5.050
325877,1,9.140,1.069,99.514,43.45,-28.131508,149.697952
GYRO: 325908,1,12.599,-7.744,-4.836
326378,1,9.309,1.048,99.510,43.45,-28.131519,149.697968
GYRO: 326404,1,11.896,3.493,-1.081
326880,1,9.204,1.061,99.513,43.45,-28.131519,149.697968
GYRO: 326905,1,13.469,-6.660,-7.691
327381,1,9.065,1.069,99.516,43.48,-28.131529,149.697968
GYRO: 327407,1,13.194,4.058,-5.111
327883,1,9.144,1.067,99.514,43.48,-28.131529,149.697968
GYRO: 327909,1,11.454,5.004,-4.897
328385,1,9.219,1.066,99.518,43.48,-28.131536,149.697983
GYRO: 328411,1,8.538,8.455,-2.302
328886,1,9.192,1.044,99.511,43.46,-28.131536,149.697983
GYRO: 328911,1,8.797,9.798,5.637
329387,1,9.146,1.038,99.512,43.44,-28.131544,149.697998
GYRO: 329412,1,3.957,-11.561,-10.027
329889,1,8.974,1.020,99.513,43.47,-28.131544,149.697998
GYRO: 329914,1,2.873,-1.698,4.156
330390,1,8.916,1.090,99.517,43.48,-28.131552,149.697998
GYRO: 330415,1,-0.806,31.981,0.324
330891,1,8.955,1.083,99.517,43.48,-28.131552,149.697998
GYRO: 330916,1,1.255,-15.942,-4.119
331394,1,8.989,1.047,99.519,43.48,-28.131559,149.698013
GYRO: 331424,1,-3.172,-11.194,-4.027
331895,1,8.955,1.054,99.514,43.47,-28.131559,149.698013
GYRO: 331921,1,0.034,-5.271,-1.645
332396,1,9.125,1.077,99.511,43.45,-28.131563,149.698029
GYRO: 332422,1,-5.096,4.012,-8.852
332899,1,9.151,1.052,99.513,43.47,-28.131563,149.698029
GYRO: 332924,1,-2.623,-0.431,2.690
333401,1,9.097,1.033,99.512,43.48,-28.131571,149.698029
GYRO: 333426,1,-4.806,12.394,2.584
333903,1,9.155,1.024,99.517,43.49,-28.131571,149.698029
GYRO: 333929,1,-3.936,-5.118,0.400
334405,1,9.215,1.012,99.513,43.48,-28.131580,149.698044
GYRO: 334431,1,-6.394,-12.751,10.752
334908,1,9.313,1.087,99.511,43.46,-28.131580,149.698044
GYRO: 334934,1,-6.485,-46.828,-2.119
335409,1,9.321,0.988,99.515,43.47,-28.131588,149.698059
GYRO: 335435,1,-8.211,24.394,9.744
