19127,1,-1.553,0.949,99.339,30.05,0.000000,0.000000
GYRO: 19441,1,0.501,-0.494,-0.365
19628,1,-1.475,0.953,99.338,30.06,0.000000,0.000000
GYRO: 19651,1,-0.338,-0.204,0.047
20129,1,-1.527,0.948,99.339,30.07,0.000000,0.000000
GYRO: 20152,1,-0.400,-0.265,-0.136
20630,1,-1.704,0.947,99.339,30.06,0.000000,0.000000
GYRO: 20654,1,0.364,-0.311,-0.182
21131,1,-1.500,0.945,99.336,30.07,0.000000,0.000000
GYRO: 21156,1,-0.461,0.468,-0.213
21633,1,-1.244,0.957,99.335,30.07,0.000000,0.000000
GYRO: 21660,1,-0.003,-0.311,-0.457
22135,1,-1.252,0.946,99.337,30.08,0.000000,0.000000
GYRO: 22162,1,0.074,-0.525,-0.167
22637,1,-1.341,0.955,99.336,30.06,0.000000,0.000000
GYRO: 22664,1,0.120,0.956,-0.075
23138,1,-1.546,0.952,99.341,30.09,0.000000,0.000000
GYRO: 23168,1,-0.400,0.346,-0.136
23640,1,-1.297,0.962,99.336,30.09,0.000000,0.000000
GYRO: 23667,1,-0.033,-0.464,-0.121
24141,1,-1.009,0.963,99.336,30.09,0.000000,0.000000
GYRO: 24168,1,-0.048,-0.494,0.276
24643,1,-0.942,0.948,99.335,30.09,0.000000,0.000000
GYRO: 24670,1,0.043,0.208,-0.549
25145,1,-1.258,0.921,99.334,30.09,0.000000,0.000000
GYRO: 25172,1,-0.308,-1.807,0.077
25646,1,-1.210,0.953,99.339,30.10,0.000000,0.000000
GYRO: 25672,1,0.639,-0.433,-0.091
26148,1,-1.235,0.950,99.336,30.09,0.000000,0.000000
GYRO: 26175,1,-0.140,0.101,0.169
