13065,1,0.295,0.978,99.072,24.51,-31.589596,116.783142
GYRO: 13878,1,-0.575,-1.513,0.162
13893,1,1.062,0.977,99.066,24.49,-31.589600,116.783142
GYRO: 14011,1,0.555,0.869,0.239
14292,1,0.622,0.980,99.068,24.50,-31.589600,116.783142
GYRO: 14363,1,-0.865,-0.108,-0.311
14694,1,0.427,0.983,99.068,24.52,-31.589600,116.783142
GYRO: 14765,1,0.448,0.548,0.575
15094,1,0.336,0.981,99.071,24.54,-31.589607,116.783134
GYRO: 15165,1,-0.331,-2.017,-0.235
15496,1,0.246,0.979,99.073,24.53,-31.589607,116.783134
GYRO: 15567,1,-0.040,-0.383,-0.402
15897,1,0.307,0.981,99.072,24.53,-31.589611,116.783134
GYRO: 15969,1,-0.437,-3.650,-0.112
16299,1,0.215,0.978,99.075,24.53,-31.589611,116.783134
GYRO: 16371,1,-0.392,-0.353,-0.051
16701,1,0.612,0.980,99.075,24.51,-31.589611,116.783134
GYRO: 16773,1,-0.499,-2.246,-0.006
17103,1,0.006,0.980,99.075,24.48,-31.589602,116.783142
GYRO: 17175,1,0.708,-2.689,0.025
17504,1,0.140,0.978,99.072,24.50,-31.589602,116.783142
GYRO: 17576,1,-0.392,0.731,-0.082
17905,1,0.105,0.978,99.073,24.49,-31.589588,116.783157
GYRO: 17981,1,0.448,0.197,0.162
18307,1,0.090,0.978,99.075,24.47,-31.589588,116.783157
GYRO: 18379,1,0.662,0.243,0.285
18710,1,-0.162,0.982,99.075,24.44,-31.589588,116.783157
GYRO: 18783,1,-0.117,1.098,0.391
19112,1,0.202,0.977,99.072,24.42,-31.589584,116.783157
GYRO: 19184,1,0.372,-0.322,-0.006
19514,1,0.100,0.981,99.074,24.41,-31.589584,116.783157
GYRO: 19586,1,0.097,0.518,0.010
19916,1,0.688,0.980,99.061,24.32,-31.589581,116.783150
GYRO: 19988,1,0.326,0.029,-0.357
20318,1,0.358,0.982,99.072,24.38,-31.589581,116.783150
GYRO: 20390,1,0.723,0.334,0.040
20719,1,0.287,0.980,99.072,24.38,-31.589581,116.783150
GYRO: 20791,1,0.219,-0.078,0.544
21121,1,0.253,0.980,99.074,24.39,-31.589581,116.783142
GYRO: 21193,1,0.112,1.495,0.193
21522,1,0.350,0.978,99.071,24.38,-31.589581,116.783142
GYRO: 21594,1,0.097,0.472,0.071
21923,1,0.350,0.978,99.072,24.37,-31.589581,116.783134
GYRO: 21995,1,-0.010,-0.231,0.040
22324,1,0.532,0.979,99.072,24.38,-31.589581,116.783134
GYRO: 22396,1,0.326,0.136,0.071
22726,1,0.529,0.979,99.069,24.36,-31.589581,116.783134
GYRO: 22798,1,-0.605,0.365,-0.235
23128,1,0.524,0.979,99.069,24.38,-31.589567,116.783134
GYRO: 23200,1,0.051,-3.818,0.468
23529,1,0.467,0.981,99.070,24.40,-31.589567,116.783134
GYRO: 23601,1,-0.254,-0.215,-0.158
23930,1,0.368,0.977,99.072,24.40,-31.589561,116.783134
GYRO: 24002,1,0.509,0.563,0.040
24332,1,0.086,0.980,99.073,24.41,-31.589561,116.783134
GYRO: 24407,1,-0.163,-0.750,-0.051
24733,1,0.413,0.979,99.075,24.42,-31.589561,116.783134
GYRO: 24811,1,1.013,1.327,0.193
25135,1,0.206,0.978,99.071,24.41,-31.589554,116.783142
GYRO: 25206,1,-0.163,1.556,-0.509
25537,1,0.591,0.981,99.072,24.42,-31.589554,116.783142
GYRO: 25609,1,0.418,0.991,0.254
25939,1,0.718,0.982,99.069,24.43,-31.589548,116.783134
GYRO: 26031,1,2.097,4.502,-0.708
26342,1,0.738,0.986,99.069,24.41,-31.589548,116.783134
GYRO: 26413,1,0.463,7.647,0.239
26744,1,0.872,0.985,99.071,24.42,-31.589548,116.783134
GYRO: 26815,1,0.937,-1.360,-0.021
27145,1,0.814,0.981,99.067,24.42,-31.589548,116.783134
GYRO: 27221,1,-0.010,0.914,-0.219
27546,1,0.855,0.982,99.069,24.42,-31.589548,116.783134
GYRO: 27618,1,1.227,0.976,0.254
27947,1,0.442,0.977,99.067,24.42,-31.589544,116.783134
GYRO: 28019,1,-0.743,-3.925,0.193
28348,1,0.545,0.976,99.070,24.43,-31.589544,116.783134
GYRO: 28420,1,2.158,4.273,0.559
28750,1,0.364,0.979,99.070,24.44,-31.589544,116.783134
GYRO: 28822,1,0.219,-5.131,0.422
29151,1,0.425,0.984,99.072,24.44,-31.589552,116.783134
GYRO: 29223,1,-0.560,0.075,-0.433
29553,1,0.311,0.981,99.070,24.43,-31.589552,116.783134
GYRO: 29624,1,-0.972,-3.986,0.117
29953,1,1.881,0.969,99.069,24.44,-31.589546,116.783134
GYRO: 30024,1,-5.369,-12.429,-0.204
30355,1,0.960,0.973,99.067,24.42,-31.589546,116.783134
GYRO: 30426,1,-0.376,0.701,0.285
30756,1,0.977,0.982,99.070,24.40,-31.589546,116.783134
GYRO: 30827,1,1.074,-3.284,-0.265
31157,1,0.907,0.977,99.068,24.41,-31.589540,116.783134
GYRO: 31229,1,-0.529,-3.513,0.285
31559,1,1.011,0.998,99.068,24.42,-31.589540,116.783134
GYRO: 31635,1,0.280,-0.139,0.025
31960,1,0.782,0.966,99.070,24.42,-31.589533,116.783134
GYRO: 32032,1,3.532,-4.139,2.514
32362,1,0.962,0.984,99.067,24.42,-31.589533,116.783134
GYRO: 32434,1,-1.781,-3.147,-0.937
32764,1,0.802,0.980,99.069,24.43,-31.589533,116.783134
GYRO: 32836,1,4.005,0.319,-0.158
33165,1,0.770,0.977,99.070,24.42,-31.589520,116.783150
GYRO: 33237,1,-12.453,6.624,0.544
33567,1,0.796,0.930,99.067,24.42,-31.589520,116.783150
GYRO: 33639,1,-9.766,-13.162,-3.486
33968,1,0.678,0.962,99.069,24.42,-31.589523,116.783142
GYRO: 34040,1,7.242,-0.887,1.491
34370,1,0.756,0.982,99.067,24.43,-31.589523,116.783142
GYRO: 34441,1,-1.399,0.029,0.101
34772,1,0.907,0.983,99.067,24.42,-31.589523,116.783142
GYRO: 34844,1,0.647,-0.139,0.254
35174,1,0.796,0.985,99.069,24.42,-31.589531,116.783142
GYRO: 35246,1,-0.040,-1.040,0.223
35576,1,0.820,0.979,99.069,24.43,-31.589531,116.783142
GYRO: 35648,1,-0.208,3.892,-0.067
35977,1,1.273,0.980,99.067,24.44,-31.589533,116.783142
GYRO: 36053,1,-0.102,-2.597,0.101
36379,1,1.079,0.985,99.064,24.43,-31.589533,116.783142
GYRO: 36453,1,0.967,0.960,0.147
36780,1,1.960,0.984,99.065,24.43,-31.589533,116.783142
GYRO: 36852,1,0.219,0.395,-0.173
37182,1,1.009,0.979,99.068,24.43,-31.589533,116.783142
GYRO: 37255,1,0.204,0.029,0.117
37583,1,1.091,0.983,99.066,24.41,-31.589533,116.783142
GYRO: 37657,1,-0.636,1.098,-0.311
37984,1,0.965,0.981,99.068,24.43,-31.589531,116.783142
GYRO: 38058,1,-0.468,-0.399,-0.479
38386,1,1.081,0.981,99.067,24.43,-31.589531,116.783142
GYRO: 38468,1,0.723,-2.002,0.071
38789,1,1.060,0.982,99.066,24.40,-31.589531,116.783142
GYRO: 38863,1,0.021,0.701,-0.464
39189,1,1.026,0.980,99.070,24.41,-31.589535,116.783134
GYRO: 39264,1,0.982,-0.780,0.147
39591,1,1.221,0.982,99.065,24.39,-31.589535,116.783134
GYRO: 39665,1,0.250,0.319,0.086
39993,1,1.045,0.980,99.069,24.37,-31.589527,116.783134
GYRO: 40068,1,0.005,-2.246,0.239
40395,1,0.741,0.982,99.069,24.39,-31.589527,116.783134
GYRO: 40469,1,-0.163,1.327,-0.082
40797,1,0.579,0.980,99.071,24.41,-31.589527,116.783134
GYRO: 40872,1,1.013,2.456,0.346
41199,1,1.062,0.981,99.065,24.40,-31.589525,116.783134
GYRO: 41273,1,-0.453,-0.108,0.483
41601,1,1.026,0.981,99.068,24.39,-31.589525,116.783134
GYRO: 41675,1,0.753,1.968,0.132
42002,1,0.927,0.980,99.067,24.38,-31.589533,116.783134
GYRO: 42076,1,-0.315,-1.437,0.162
42404,1,0.922,0.979,99.065,24.38,-31.589533,116.783134
GYRO: 42478,1,-0.208,-0.292,-0.341
42805,1,1.109,0.981,99.066,24.35,-31.589533,116.783134
GYRO: 42880,1,-0.040,1.205,-0.326
43206,1,1.093,0.984,99.067,24.34,-31.589537,116.783134
GYRO: 43281,1,-0.407,1.479,-0.128
43609,1,1.036,0.986,99.068,24.32,-31.589537,116.783134
GYRO: 43683,1,-0.224,3.235,-0.189
44011,1,1.038,0.980,99.064,24.32,-31.589533,116.783134
GYRO: 44085,1,0.845,2.380,-0.906
44413,1,1.119,0.979,99.063,24.32,-31.589533,116.783134
GYRO: 44487,1,0.692,-0.475,0.162
44814,1,1.146,0.948,99.069,24.33,-31.589533,116.783134
GYRO: 44889,1,-0.529,-1.864,-0.296
45216,1,0.975,0.965,99.071,24.34,-31.589537,116.783134
GYRO: 45298,1,0.814,-2.857,0.193
45617,1,0.998,0.976,99.066,24.33,-31.589537,116.783134
GYRO: 45692,1,-0.224,-0.429,0.269
46020,1,1.067,0.985,99.064,24.33,-31.589539,116.783134
GYRO: 46094,1,0.005,-1.986,0.590
46421,1,1.344,0.980,99.063,24.34,-31.589539,116.783134
GYRO: 46496,1,3.608,1.586,0.743
46823,1,1.336,0.952,99.066,24.34,-31.589539,116.783134
GYRO: 46897,1,-0.193,0.395,0.193
47224,1,1.211,0.976,99.065,24.35,-31.589540,116.783142
GYRO: 47299,1,0.876,0.655,0.223
47626,1,1.167,0.980,99.065,24.34,-31.589540,116.783142
GYRO: 47869,1,-0.208,0.075,-0.021
48029,1,0.940,0.978,99.065,24.32,-31.589539,116.783150
GYRO: 48100,1,0.326,-0.444,0.422
48430,1,1.354,0.982,99.066,24.32,-31.589539,116.783150
GYRO: 48501,1,0.845,-3.773,1.124
48832,1,1.076,0.989,99.064,24.31,-31.589539,116.783150
GYRO: 48906,1,-0.071,2.518,0.407
49234,1,1.101,0.981,99.066,24.31,-31.589539,116.783150
GYRO: 49308,1,0.097,2.258,0.193
49635,1,0.956,0.981,99.068,24.30,-31.589539,116.783150
GYRO: 49707,1,-0.270,-1.925,-0.173
50036,1,0.890,0.983,99.066,24.28,-31.589540,116.783142
GYRO: 50108,1,-0.483,-0.139,-0.311
50437,1,1.073,0.976,99.064,24.25,-31.589540,116.783142
GYRO: 50509,1,0.204,0.991,0.330
50839,1,1.186,0.972,99.066,24.28,-31.589540,116.783142
GYRO: 50911,1,0.295,0.777,-0.326
51240,1,0.692,0.982,99.068,24.28,-31.589533,116.783142
GYRO: 51312,1,0.280,-0.078,0.300
51642,1,0.948,1.018,99.065,24.30,-31.589533,116.783142
GYRO: 51714,1,-0.758,0.747,-0.082
52044,1,1.033,0.973,99.068,24.32,-31.589531,116.783142
GYRO: 52119,1,-0.132,-0.566,0.071
52444,1,1.167,0.981,99.067,24.32,-31.589531,116.783142
GYRO: 52516,1,-2.376,0.487,-0.631
52846,1,0.941,0.977,99.065,24.32,-31.589531,116.783142
GYRO: 52918,1,0.631,0.334,0.865
53248,1,0.899,0.978,99.068,24.33,-31.589531,116.783142
GYRO: 53320,1,-2.300,-3.727,-0.387
53650,1,1.191,0.974,99.065,24.34,-31.589531,116.783142
GYRO: 53722,1,-0.102,0.472,-0.021
54051,1,1.146,0.992,99.067,24.34,-31.589531,116.783142
GYRO: 54123,1,1.349,2.945,0.895
54453,1,0.912,0.988,99.066,24.35,-31.589531,116.783142
GYRO: 54525,1,-2.331,0.258,-1.105
54854,1,1.471,0.982,99.061,24.34,-31.589531,116.783142
GYRO: 54925,1,2.448,4.914,0.804
55255,1,1.066,0.979,99.068,24.34,-31.589527,116.783142
GYRO: 55327,1,1.929,7.678,-0.219
55657,1,1.171,0.988,99.062,24.34,-31.589527,116.783142
GYRO: 55728,1,-0.651,5.510,-0.983
56058,1,1.038,0.980,99.068,24.34,-31.589527,116.783142
GYRO: 56130,1,-0.193,0.182,0.193
56460,1,1.087,0.977,99.067,24.33,-31.589527,116.783142
GYRO: 56532,1,-1.720,1.449,-0.143
56862,1,1.747,0.976,99.066,24.31,-31.589527,116.783142
GYRO: 56934,1,0.830,-1.315,0.468
57263,1,1.081,0.987,99.065,24.30,-31.589527,116.783142
GYRO: 57335,1,-3.094,-1.971,-0.525
57665,1,1.063,0.979,99.066,24.31,-31.589527,116.783142
GYRO: 57737,1,0.662,-0.902,0.727
58066,1,1.062,0.981,99.065,24.30,-31.589527,116.783142
GYRO: 58138,1,-1.002,-3.666,0.452
58467,1,0.905,0.961,99.067,24.33,-31.589527,116.783142
GYRO: 58539,1,-1.918,-2.032,-0.586
58869,1,1.087,0.981,99.064,24.32,-31.589533,116.783142
GYRO: 58946,1,0.524,3.342,0.239
59271,1,1.089,0.995,99.064,24.31,-31.589533,116.783142
GYRO: 59343,1,-0.514,-2.536,0.452
59672,1,1.116,0.985,99.065,24.33,-31.589533,116.783142
GYRO: 59744,1,0.738,3.403,-0.540
60074,1,1.130,0.980,99.067,24.33,-31.589535,116.783142
GYRO: 60146,1,0.769,-2.597,-0.143
60475,1,0.945,0.977,99.065,24.33,-31.589535,116.783142
GYRO: 60546,1,0.799,0.350,0.651
60876,1,1.320,0.984,99.061,24.33,-31.589537,116.783142
GYRO: 60947,1,-0.819,0.075,-0.647
61278,1,1.231,0.982,99.063,24.31,-31.589537,116.783142
GYRO: 61356,1,-2.651,-3.956,-0.540
61679,1,1.173,0.983,99.068,24.32,-31.589537,116.783142
GYRO: 61751,1,-0.941,-3.650,0.193
62080,1,1.098,0.986,99.067,24.31,-31.589537,116.783142
GYRO: 62152,1,-0.407,0.792,-0.341
62482,1,0.971,0.980,99.066,24.31,-31.589537,116.783142
GYRO: 62554,1,-4.911,0.884,-0.326
62884,1,1.247,0.997,99.064,24.33,-31.589539,116.783142
GYRO: 62956,1,1.960,1.281,0.376
63286,1,1.902,0.983,99.066,24.34,-31.589539,116.783142
GYRO: 63362,1,-0.208,-1.299,0.758
63689,1,1.347,0.979,99.066,24.35,-31.589539,116.783142
GYRO: 63760,1,-0.957,0.304,-0.128
64089,1,1.006,0.976,99.067,24.35,-31.589544,116.783142
GYRO: 64161,1,-0.499,0.014,-0.311
64491,1,1.110,0.975,99.066,24.34,-31.589544,116.783142
GYRO: 64562,1,0.570,0.136,0.178
64892,1,0.973,0.980,99.066,24.35,-31.589546,116.783142
GYRO: 64964,1,0.372,-0.368,-0.112
65293,1,0.912,0.979,99.065,24.37,-31.589546,116.783142
GYRO: 65365,1,0.738,-1.086,0.315
65695,1,0.950,0.981,99.066,24.38,-31.589546,116.783142
GYRO: 65772,1,0.479,-0.628,0.651
66097,1,0.815,0.982,99.065,24.38,-31.589550,116.783142
GYRO: 66168,1,-0.102,0.579,0.575
66498,1,0.938,0.981,99.067,24.38,-31.589550,116.783142
GYRO: 66569,1,1.776,-0.047,0.178
66899,1,1.979,0.979,99.067,24.39,-31.589552,116.783142
GYRO: 66971,1,-0.773,1.495,-0.051
67301,1,1.066,0.978,99.066,24.39,-31.589552,116.783142
GYRO: 67372,1,0.479,-1.757,0.254
67701,1,1.094,0.977,99.067,24.39,-31.589552,116.783142
GYRO: 67773,1,1.059,-1.147,0.819
68103,1,1.080,0.976,99.065,24.40,-31.589556,116.783142
GYRO: 68174,1,0.876,-2.307,0.178
68504,1,1.156,0.981,99.064,24.40,-31.589556,116.783142
GYRO: 68576,1,-0.102,-0.231,-0.311
68905,1,1.205,0.984,99.064,24.41,-31.589558,116.783142
GYRO: 68977,1,-0.331,-0.658,0.178
69307,1,1.203,0.981,99.065,24.41,-31.589558,116.783142
GYRO: 69378,1,-1.094,0.075,0.101
69707,1,1.221,0.986,99.067,24.42,-31.589558,116.783142
GYRO: 69779,1,1.440,0.182,0.086
70109,1,2.120,0.978,99.066,24.41,-31.589560,116.783142
GYRO: 70186,1,-0.712,-0.353,0.407
70511,1,1.203,0.980,99.067,24.41,-31.589560,116.783142
GYRO: 70583,1,0.876,1.693,-0.280
70912,1,1.083,0.979,99.067,24.43,-31.589563,116.783142
GYRO: 70984,1,-0.636,-0.093,-0.021
71313,1,1.179,0.986,99.067,24.44,-31.589563,116.783142
GYRO: 71385,1,0.677,1.372,0.208
71714,1,0.956,0.990,99.065,24.42,-31.589563,116.783142
GYRO: 71786,1,-0.346,-0.429,-0.173
72115,1,0.865,0.972,99.066,24.41,-31.589563,116.783142
GYRO: 72186,1,-0.926,1.876,0.178
72516,1,1.080,0.972,99.066,24.43,-31.589563,116.783142
GYRO: 72592,1,0.448,-1.131,0.239
72918,1,1.018,0.981,99.071,24.43,-31.589560,116.783142
GYRO: 72990,1,1.028,1.327,0.162
73320,1,1.715,0.978,99.067,24.42,-31.589560,116.783142
GYRO: 73392,1,-0.819,0.563,0.239
73721,1,1.312,0.979,99.064,24.40,-31.589560,116.783142
GYRO: 73796,1,0.753,-0.734,0.544
74123,1,1.035,0.976,99.064,24.38,-31.589560,116.783150
GYRO: 74194,1,0.540,0.579,0.926
74524,1,0.904,0.981,99.069,24.39,-31.589560,116.783150
GYRO: 74597,1,0.173,0.548,-0.158
74925,1,1.246,0.965,99.066,24.37,-31.589556,116.783150
GYRO: 74999,1,-0.941,-0.200,1.445
75326,1,1.202,0.988,99.065,24.37,-31.589556,116.783150
GYRO: 75400,1,-3.705,-1.299,4.147
75728,1,0.913,0.977,99.066,24.35,-31.589556,116.783150
GYRO: 75802,1,-0.789,-2.704,0.239
76129,1,1.000,0.986,99.067,24.35,-31.589552,116.783142
GYRO: 76204,1,-9.430,7.174,-2.433
76532,1,1.463,0.985,99.063,24.35,-31.589552,116.783142
GYRO: 76606,1,-4.346,-0.780,4.025
76934,1,1.407,0.971,99.065,24.34,-31.589552,116.783142
GYRO: 77015,1,2.356,8.365,-3.242
77335,1,1.279,1.000,99.064,24.32,-31.589552,116.783142
GYRO: 77409,1,-6.285,3.098,-5.395
77737,1,1.274,0.982,99.067,24.33,-31.589552,116.783142
GYRO: 77812,1,4.326,1.189,-0.097
78139,1,1.156,0.981,99.066,24.32,-31.589550,116.783142
GYRO: 78213,1,-2.697,-0.353,-0.158
78541,1,1.073,0.974,99.067,24.31,-31.589550,116.783142
GYRO: 78616,1,1.211,-0.475,-0.021
78942,1,1.214,0.976,99.065,24.30,-31.589548,116.783142
GYRO: 79017,1,1.730,-1.834,-0.494
79343,1,1.388,0.984,99.062,24.28,-31.589548,116.783142
GYRO: 79425,1,3.700,0.075,-0.311
79745,1,1.478,0.983,99.063,24.27,-31.589548,116.783142
GYRO: 79820,1,-0.850,0.273,-0.036
80147,1,1.349,0.981,99.063,24.28,-31.589548,116.783142
GYRO: 80222,1,3.074,0.151,-0.097
80548,1,1.284,0.978,99.064,24.28,-31.589548,116.783142
GYRO: 80623,1,1.532,0.289,0.437
80949,1,1.284,0.977,99.068,24.29,-31.589550,116.783134
GYRO: 81024,1,-0.712,1.540,-0.418
81350,1,1.100,0.982,99.066,24.28,-31.589550,116.783134
GYRO: 81424,1,-0.911,1.006,-0.173
81751,1,1.216,0.983,99.066,24.27,-31.589550,116.783134
GYRO: 81826,1,-0.911,-0.124,0.071
82152,1,0.879,0.978,99.066,24.28,-31.589548,116.783134
GYRO: 82227,1,0.326,-0.032,0.498
82555,1,1.341,0.979,99.063,24.28,-31.589548,116.783134
GYRO: 82629,1,0.692,0.243,0.117
82957,1,1.176,0.984,99.066,24.28,-31.589544,116.783134
GYRO: 83032,1,0.051,-0.017,0.056
83358,1,1.799,0.981,99.062,24.28,-31.589544,116.783134
GYRO: 83433,1,-0.270,0.136,0.086
83760,1,1.074,0.978,99.067,24.29,-31.589544,116.783134
GYRO: 83965,1,-0.575,-4.017,-0.280
84161,1,0.957,0.977,99.066,24.27,-31.589544,116.783134
GYRO: 84233,1,0.066,-2.047,-0.341
84563,1,0.889,0.979,99.066,24.28,-31.589544,116.783134
GYRO: 84635,1,-0.254,-1.269,0.025
84964,1,0.976,0.982,99.066,24.27,-31.589544,116.783134
GYRO: 85035,1,-0.636,-2.429,-0.051
85366,1,0.935,0.978,99.064,24.27,-31.589544,116.783134
GYRO: 85438,1,-0.086,2.258,0.422
85768,1,0.864,0.978,99.067,24.27,-31.589544,116.783134
GYRO: 85840,1,0.570,2.884,-0.265
86169,1,0.808,0.984,99.067,24.28,-31.589540,116.783134
GYRO: 86257,1,1.074,0.899,0.773
86571,1,0.643,0.978,99.071,24.29,-31.589540,116.783134
GYRO: 86643,1,-1.002,-1.696,-0.784
86973,1,0.887,0.980,99.067,24.28,-31.589540,116.783127
GYRO: 87045,1,-0.102,-0.078,0.239
87374,1,0.936,0.979,99.067,24.28,-31.589540,116.783127
GYRO: 87446,1,0.173,0.548,0.346
87776,1,0.937,0.980,99.065,24.29,-31.589540,116.783127
GYRO: 87848,1,-0.025,-0.002,-0.464
88177,1,0.910,0.974,99.068,24.28,-31.589540,116.783127
GYRO: 88249,1,-0.758,-1.879,-0.219
88578,1,0.719,0.976,99.070,24.28,-31.589540,116.783127
GYRO: 88650,1,0.662,-1.024,0.376
88980,1,0.730,0.980,99.068,24.26,-31.589539,116.783134
GYRO: 89052,1,0.448,1.189,0.132
89381,1,0.517,0.983,99.070,24.27,-31.589539,116.783134
GYRO: 89453,1,0.082,4.227,-0.112
89782,1,0.997,0.975,99.067,24.27,-31.589539,116.783134
GYRO: 89854,1,0.891,-0.353,-0.036
90184,1,0.992,0.979,99.065,24.26,-31.589540,116.783134
GYRO: 90256,1,0.097,0.060,-0.402
90585,1,0.949,0.982,99.068,24.27,-31.589540,116.783134
GYRO: 90662,1,0.311,-1.315,-0.387
90987,1,1.011,0.983,99.071,24.27,-31.589537,116.783134
GYRO: 91059,1,0.952,1.586,-0.128
91390,1,0.745,0.982,99.068,24.28,-31.589537,116.783134
GYRO: 91462,1,-0.071,-1.086,0.117
91791,1,1.100,0.978,99.065,24.28,-31.589537,116.783134
GYRO: 91863,1,0.158,1.342,0.025
92192,1,1.158,0.979,99.065,24.29,-31.589540,116.783134
GYRO: 92264,1,0.341,1.067,-0.036
92593,1,0.888,0.966,99.067,24.30,-31.589540,116.783134
GYRO: 92665,1,-0.605,-2.002,-0.143
92994,1,0.858,0.973,99.067,24.30,-31.589537,116.783127
GYRO: 93072,1,0.860,3.113,0.056
93395,1,1.370,0.983,99.066,24.31,-31.589537,116.783127
GYRO: 93468,1,0.204,-1.269,0.285
93797,1,1.072,0.977,99.065,24.30,-31.589537,116.783127
GYRO: 93869,1,-0.621,-4.673,0.178
94198,1,1.135,0.980,99.065,24.31,-31.589535,116.783127
GYRO: 94270,1,0.356,0.762,-0.143
94600,1,1.191,0.978,99.065,24.32,-31.589535,116.783127
GYRO: 94673,1,-0.605,-0.887,0.620
95002,1,1.108,0.978,99.066,24.33,-31.589537,116.783127
GYRO: 95074,1,0.189,-0.918,-0.006
95402,1,1.113,0.979,99.068,24.33,-31.589537,116.783127
GYRO: 95474,1,0.082,0.136,0.162
95803,1,0.923,0.976,99.069,24.33,-31.589537,116.783127
GYRO: 95875,1,-1.079,-1.391,0.223
96205,1,0.905,0.991,99.069,24.33,-31.589542,116.783127
GYRO: 96277,1,-1.155,-0.307,0.132
96606,1,1.105,0.980,99.044,24.19,-31.589542,116.783127
GYRO: 96678,1,1.425,4.105,0.666
97008,1,1.144,0.981,99.066,24.33,-31.589540,116.783127
GYRO: 97080,1,0.585,-2.261,-0.158
97409,1,0.947,0.981,99.071,24.35,-31.589540,116.783127
GYRO: 97486,1,0.387,0.304,-0.097
97810,1,0.977,0.951,99.067,24.34,-31.589540,116.783127
GYRO: 97883,1,0.082,-0.032,0.315
98212,1,1.072,0.976,99.067,24.35,-31.589540,116.783127
GYRO: 98284,1,-0.178,-1.727,0.620
98614,1,0.927,0.979,99.069,24.37,-31.589540,116.783127
GYRO: 98687,1,0.372,0.075,0.498
99017,1,1.272,0.974,99.065,24.37,-31.589544,116.783119
GYRO: 99089,1,0.173,-0.383,-0.021
99417,1,1.176,0.976,99.067,24.37,-31.589544,116.783119
GYRO: 99489,1,-0.132,-0.551,-0.433
99818,1,1.109,0.973,99.066,24.37,-31.589544,116.783119
GYRO: 99895,1,1.196,2.075,0.605
100219,1,1.547,0.979,99.068,24.38,-31.589542,116.783119
GYRO: 100293,1,0.784,-0.490,0.285
100620,1,0.988,0.981,99.069,24.39,-31.589542,116.783119
GYRO: 100693,1,0.372,0.212,-0.204
101021,1,1.025,0.978,99.066,24.40,-31.589542,116.783119
GYRO: 101095,1,0.158,-0.246,-0.357
101423,1,1.120,0.978,99.068,24.39,-31.589542,116.783119
GYRO: 101496,1,-0.315,0.182,-0.173
101825,1,0.717,0.977,99.070,24.40,-31.589542,116.783119
GYRO: 101899,1,-0.285,-1.330,-0.296
102226,1,1.035,0.982,99.069,24.39,-31.589544,116.783119
GYRO: 102300,1,-0.911,-0.185,0.315
102627,1,1.049,0.973,99.069,24.39,-31.589544,116.783119
GYRO: 102700,1,-0.163,-0.612,-0.448
103029,1,0.821,0.980,99.067,24.39,-31.589544,116.783119
GYRO: 103102,1,0.448,-0.994,0.376
103430,1,0.890,0.979,99.069,24.37,-31.589544,116.783119
GYRO: 103503,1,0.418,-1.253,0.147
103832,1,0.875,0.970,99.069,24.38,-31.589544,116.783119
GYRO: 103906,1,-0.666,0.823,0.040
104234,1,0.899,0.986,99.067,24.37,-31.589548,116.783119
GYRO: 104312,1,0.418,0.319,0.407
104635,1,0.875,0.977,99.069,24.38,-31.589548,116.783119
GYRO: 104708,1,0.616,1.006,-0.173
105036,1,0.800,0.979,99.065,24.38,-31.589552,116.783119
GYRO: 105110,1,0.509,-0.261,-0.158
105437,1,0.971,0.977,99.067,24.40,-31.589552,116.783119
GYRO: 105510,1,0.234,0.136,-0.006
105839,1,1.160,0.983,99.065,24.40,-31.589552,116.783119
GYRO: 105912,1,-0.025,-0.017,-0.143
106240,1,1.102,0.978,99.070,24.41,-31.589554,116.783119
GYRO: 106314,1,-0.071,0.166,0.117
106641,1,0.655,0.981,99.041,24.26,-31.589554,116.783119
GYRO: 106715,1,0.860,0.533,0.376
107042,1,1.078,0.973,99.069,24.42,-31.589556,116.783112
GYRO: 107115,1,-0.315,0.930,-0.555
107443,1,0.665,0.965,99.064,24.41,-31.589556,116.783112
GYRO: 107516,1,0.784,-13.223,1.491
107844,1,0.998,0.982,99.069,24.43,-31.589556,116.783112
GYRO: 107917,1,-1.903,-0.200,-0.464
108246,1,0.584,0.989,99.068,24.42,-31.589556,116.783112
GYRO: 108319,1,0.127,7.892,-0.250
108646,1,0.702,0.978,99.069,24.40,-31.589556,116.783112
GYRO: 108724,1,-0.392,-2.017,-0.235
109048,1,0.672,0.983,99.069,24.41,-31.589533,116.783119
GYRO: 109121,1,0.021,3.281,-0.189
109448,1,0.892,0.980,99.066,24.41,-31.589533,116.783119
GYRO: 109521,1,-0.071,2.640,0.162
109850,1,1.207,0.980,99.071,24.42,-31.589533,116.783119
GYRO: 109924,1,0.280,0.441,-0.143
110251,1,0.628,0.981,99.067,24.42,-31.589527,116.783119
GYRO: 110327,1,0.494,2.670,-0.173
110652,1,0.957,0.986,99.067,24.44,-31.589527,116.783119
GYRO: 110728,1,1.349,10.502,-0.158
111053,1,0.789,0.978,99.065,24.44,-31.589539,116.783119
GYRO: 111130,1,-0.376,0.930,-0.738
111454,1,1.002,0.977,99.070,24.45,-31.589539,116.783119
GYRO: 111530,1,0.356,-2.414,0.056
111855,1,1.118,0.980,99.065,24.46,-31.589539,116.783119
GYRO: 111932,1,-0.575,-3.406,-0.189
112257,1,1.157,0.962,99.064,24.45,-31.589550,116.783119
GYRO: 112333,1,0.280,-4.231,0.346
112658,1,1.355,0.978,99.065,24.46,-31.589550,116.783119
GYRO: 112735,1,-0.697,-0.918,-0.250
113059,1,0.979,0.979,99.069,24.47,-31.589552,116.783119
GYRO: 113142,1,0.311,-0.169,0.544
113461,1,0.824,0.975,99.068,24.47,-31.589552,116.783119
GYRO: 113538,1,-0.773,-0.643,-0.448
113864,1,0.894,0.976,99.069,24.49,-31.589556,116.783119
GYRO: 113940,1,-0.437,-1.345,-0.097
114266,1,1.131,0.974,99.066,24.49,-31.589556,116.783119
GYRO: 114342,1,0.585,1.953,-0.082
114667,1,0.949,1.003,99.065,24.48,-31.589556,116.783119
GYRO: 114743,1,-0.773,3.892,-0.418
115069,1,0.998,1.016,99.067,24.51,-31.589556,116.783119
GYRO: 115145,1,-2.117,-5.620,0.346
115471,1,0.964,1.009,99.071,24.52,-31.589556,116.783119
GYRO: 115547,1,-1.979,-0.795,-0.189
115872,1,0.798,0.973,99.067,24.53,-31.589556,116.783127
GYRO: 115949,1,2.189,-1.086,0.422
116274,1,1.178,0.979,99.065,24.53,-31.589556,116.783127
GYRO: 116350,1,0.540,4.121,-0.204
116676,1,1.458,0.990,99.069,24.54,-31.589556,116.783127
GYRO: 116753,1,-0.285,2.716,-0.097
117078,1,1.035,0.982,99.064,24.55,-31.589556,116.783119
GYRO: 117155,1,0.356,2.289,2.880
117480,1,1.187,0.990,99.066,24.53,-31.589556,116.783119
GYRO: 117562,1,2.830,-0.353,-0.387
117881,1,1.097,0.983,99.066,24.54,-31.589552,116.783119
GYRO: 117957,1,-1.216,5.220,-0.693
118282,1,0.826,0.973,99.069,24.55,-31.589552,116.783119
GYRO: 118358,1,-0.957,-5.528,0.010
118683,1,0.923,0.978,99.070,24.56,-31.589552,116.783119
GYRO: 118760,1,0.662,-3.727,0.712
119084,1,0.779,1.001,99.069,24.56,-31.589556,116.783119
GYRO: 119160,1,-1.415,-9.986,0.559
119485,1,0.905,0.991,99.067,24.57,-31.589556,116.783119
GYRO: 119562,1,0.876,1.876,-0.112
119886,1,1.138,0.979,99.064,24.57,-31.589552,116.783119
GYRO: 120132,1,3.334,-2.414,0.193
120288,1,0.992,0.987,99.067,24.58,-31.589552,116.783119
GYRO: 120362,1,-1.811,9.892,-1.089
120690,1,1.069,0.976,99.066,24.58,-31.589552,116.783119
GYRO: 120764,1,-0.346,-2.566,0.025
121091,1,0.781,0.983,99.066,24.58,-31.589558,116.783112
GYRO: 121165,1,-0.560,3.617,-0.265
121493,1,1.131,0.981,99.064,24.57,-31.589558,116.783112
GYRO: 121567,1,0.723,0.350,0.361
121895,1,0.979,0.976,99.066,24.57,-31.589573,116.783096
GYRO: 121973,1,-3.582,-3.940,0.529
122297,1,1.137,0.974,99.064,24.58,-31.589573,116.783096
GYRO: 122370,1,-0.254,1.159,0.132
122697,1,0.889,0.958,99.064,24.56,-31.589573,116.783096
GYRO: 122774,1,-1.537,2.624,-0.494
123099,1,1.240,1.022,99.067,24.58,-31.589569,116.783096
GYRO: 123172,1,2.158,1.724,-0.448
123499,1,1.054,0.976,99.068,24.58,-31.589569,116.783096
GYRO: 123573,1,1.043,8.640,-0.708
123900,1,1.035,0.964,99.066,24.57,-31.589556,116.783104
GYRO: 123974,1,1.059,-0.261,0.636
124302,1,1.335,0.984,99.061,24.58,-31.589556,116.783104
GYRO: 124376,1,-0.666,1.266,-0.051
124703,1,0.833,0.989,99.067,24.60,-31.589556,116.783104
GYRO: 124777,1,-11.582,0.487,1.903
125105,1,1.086,0.987,99.068,24.67,-31.589567,116.783104
GYRO: 125179,1,-0.972,-2.185,3.643
125506,1,1.310,0.976,99.062,24.65,-31.589567,116.783104
GYRO: 125580,1,-0.193,0.624,-0.341
125907,1,1.465,0.972,99.064,24.63,-31.589577,116.783112
GYRO: 125981,1,-0.407,-0.719,0.269
126309,1,1.430,0.973,99.065,24.59,-31.589577,116.783112
GYRO: 126388,1,-0.254,-0.231,-0.036
126711,1,1.974,0.979,99.063,24.58,-31.589577,116.783112
GYRO: 126785,1,-0.712,2.411,-0.326
127113,1,1.160,0.965,99.064,24.59,-31.589573,116.783112
GYRO: 127187,1,1.303,2.792,-0.387
127514,1,1.109,0.982,99.067,24.60,-31.589573,116.783112
GYRO: 127588,1,0.753,-0.169,-0.143
127915,1,1.053,0.976,99.069,24.60,-31.589579,116.783112
GYRO: 127989,1,-0.560,0.579,-0.311
128317,1,0.928,0.995,99.067,24.59,-31.589579,116.783112
GYRO: 128391,1,0.952,2.823,-0.036
128719,1,1.073,0.960,99.068,24.60,-31.589579,116.783112
GYRO: 128797,1,-0.132,-8.154,0.025
129122,1,0.617,0.971,99.068,24.62,-31.589577,116.783112
GYRO: 129195,1,2.219,0.258,-0.006
129524,1,0.413,0.978,99.072,24.62,-31.589577,116.783112
GYRO: 129598,1,-0.117,0.090,0.010
129926,1,0.619,0.978,99.069,24.64,-31.589573,116.783119
GYRO: 130000,1,-1.323,-2.444,-0.402
130328,1,1.361,0.979,99.069,24.64,-31.589573,116.783119
GYRO: 130402,1,0.952,3.693,-0.128
130729,1,0.565,0.977,99.073,24.64,-31.589573,116.783119
GYRO: 130808,1,0.097,0.563,-0.158
131130,1,0.430,0.979,99.070,24.65,-31.589558,116.783127
GYRO: 131204,1,0.036,0.456,-0.189
131531,1,0.578,0.975,99.071,24.65,-31.589558,116.783127
GYRO: 131605,1,-1.140,-0.551,-0.036
131933,1,0.895,0.972,99.066,24.65,-31.589552,116.783134
GYRO: 132007,1,2.250,-3.238,-0.479
132335,1,0.632,0.973,99.067,24.67,-31.589552,116.783134
GYRO: 132409,1,0.265,0.579,-0.326
132736,1,0.630,0.986,99.071,24.67,-31.589552,116.783134
GYRO: 132810,1,0.097,0.105,-0.204
133137,1,0.567,0.973,99.071,24.66,-31.589548,116.783134
GYRO: 133215,1,0.967,-1.910,0.010
133539,1,0.795,0.981,99.067,24.68,-31.589548,116.783134
GYRO: 133613,1,0.524,1.266,0.422
133941,1,0.873,0.984,99.069,24.69,-31.589544,116.783134
GYRO: 134015,1,1.425,0.747,-0.479
134342,1,0.881,0.973,99.068,24.69,-31.589544,116.783134
GYRO: 134416,1,-0.346,1.220,0.132
134743,1,1.082,0.971,99.065,24.69,-31.589544,116.783134
GYRO: 134817,1,-0.804,0.426,-0.173
135145,1,0.759,0.973,99.069,24.69,-31.589539,116.783142
GYRO: 135223,1,0.356,0.685,0.315
135546,1,0.962,0.978,99.066,24.67,-31.589539,116.783142
GYRO: 135620,1,0.250,0.151,-0.051
135948,1,1.048,0.978,99.065,24.62,-31.589537,116.783142
GYRO: 136022,1,0.051,0.747,0.208
136350,1,0.864,0.973,99.068,24.62,-31.589537,116.783142
GYRO: 136424,1,-1.216,-1.040,0.101
136751,1,1.604,0.979,99.069,24.64,-31.589537,116.783142
GYRO: 136825,1,1.043,0.014,0.056
137153,1,0.854,0.976,99.068,24.64,-31.589537,116.783142
GYRO: 137227,1,-0.254,-2.689,-0.158
137554,1,0.771,0.978,99.068,24.64,-31.589537,116.783142
GYRO: 137633,1,-1.445,0.105,0.223
137955,1,1.198,0.973,99.064,24.66,-31.589535,116.783142
GYRO: 138029,1,0.769,2.075,0.407
138357,1,1.146,0.959,99.064,24.66,-31.589535,116.783142
GYRO: 138431,1,-0.544,-3.467,-1.166
138759,1,1.027,0.986,99.069,24.65,-31.589535,116.783142
GYRO: 138833,1,0.585,0.533,0.254
139161,1,0.714,0.979,99.068,24.66,-31.589533,116.783142
GYRO: 139235,1,-1.063,1.189,0.086
139563,1,0.860,0.979,99.068,24.66,-31.589533,116.783142
GYRO: 139637,1,0.570,-1.421,-0.189
139965,1,0.939,0.974,99.068,24.64,-31.589531,116.783142
GYRO: 140039,1,-2.193,-6.429,-1.471
140367,1,2.000,0.973,99.070,24.65,-31.589531,116.783142
GYRO: 140441,1,1.135,2.777,0.559
140768,1,0.665,0.980,99.072,24.62,-31.589531,116.783142
GYRO: 140842,1,2.066,0.289,-0.418
141169,1,0.556,0.974,99.069,24.61,-31.589537,116.783142
GYRO: 141243,1,0.631,0.258,0.086
141570,1,0.818,0.977,99.068,24.63,-31.589537,116.783142
GYRO: 141644,1,-0.422,-0.322,-0.219
141972,1,0.756,0.975,99.068,24.64,-31.589537,116.783142
GYRO: 142050,1,0.738,0.731,-0.036
142374,1,0.868,0.981,99.068,24.66,-31.589537,116.783142
GYRO: 142448,1,-0.102,0.701,-0.143
142774,1,0.942,0.976,99.065,24.65,-31.589537,116.783142
GYRO: 142848,1,0.876,0.548,-0.112
143176,1,0.783,0.976,99.067,24.62,-31.589540,116.783142
GYRO: 143250,1,2.005,0.655,-0.341
143578,1,1.396,0.976,99.069,24.64,-31.589540,116.783142
GYRO: 143652,1,0.555,0.930,-0.067
143980,1,0.855,0.978,99.067,24.66,-31.589542,116.783134
GYRO: 144054,1,-1.170,-0.612,0.025
144382,1,0.723,0.978,99.070,24.64,-31.589542,116.783134
GYRO: 144456,1,-0.025,0.304,0.056
144783,1,0.647,0.976,99.067,24.63,-31.589542,116.783134
GYRO: 144857,1,0.448,0.441,0.208
145185,1,0.755,0.977,99.066,24.65,-31.589544,116.783134
GYRO: 145259,1,-0.239,-0.108,0.178
145586,1,0.832,0.978,99.067,24.67,-31.589544,116.783134
GYRO: 145660,1,0.295,-0.108,-0.097
145987,1,0.774,0.974,99.068,24.69,-31.589546,116.783134
GYRO: 146061,1,0.280,0.304,0.010
146388,1,0.593,0.975,99.069,24.68,-31.589546,116.783134
GYRO: 146467,1,-0.132,0.151,0.086
146790,1,1.167,0.971,99.073,24.69,-31.589546,116.783134
GYRO: 146867,1,-0.025,0.044,0.025
147191,1,0.756,0.977,99.071,24.70,-31.589548,116.783134
GYRO: 147271,1,0.112,0.121,-0.341
147592,1,0.591,0.975,99.069,24.68,-31.589548,116.783134
GYRO: 147669,1,-0.224,-0.139,0.147
147993,1,0.596,0.978,99.070,24.69,-31.589552,116.783134
GYRO: 148070,1,0.189,0.304,0.010
148395,1,0.762,0.975,99.070,24.69,-31.589552,116.783134
GYRO: 148472,1,-0.025,0.182,-0.158
148797,1,0.710,0.970,99.070,24.68,-31.589552,116.783134
GYRO: 148874,1,-0.697,1.663,0.193
149200,1,0.770,0.979,99.070,24.68,-31.589550,116.783134
GYRO: 149277,1,-0.376,0.747,-0.067
149601,1,0.550,0.980,99.069,24.67,-31.589550,116.783134
GYRO: 149678,1,-0.285,-1.192,0.086
150002,1,0.452,0.978,99.070,24.67,-31.589548,116.783134
GYRO: 150079,1,1.608,0.105,-0.250
150404,1,0.270,0.977,99.074,24.68,-31.589548,116.783134
GYRO: 150481,1,-0.056,0.716,-0.296
150806,1,0.325,0.972,99.070,24.69,-31.589548,116.783134
GYRO: 150889,1,1.211,2.502,-0.479
151208,1,0.312,0.976,99.072,24.70,-31.589546,116.783134
GYRO: 151285,1,-1.445,0.441,-0.112
151610,1,0.371,0.977,99.070,24.69,-31.589546,116.783134
GYRO: 151687,1,0.341,0.365,0.178
152012,1,0.355,0.977,99.071,24.68,-31.589546,116.783134
GYRO: 152089,1,0.509,-0.078,-0.112
152414,1,0.493,0.972,99.074,24.67,-31.589546,116.783134
GYRO: 152491,1,-0.300,0.655,-0.326
152814,1,0.526,0.976,99.071,24.67,-31.589546,116.783134
GYRO: 152891,1,0.448,1.372,-0.112
153215,1,0.334,0.976,99.073,24.67,-31.589540,116.783134
GYRO: 153299,1,0.112,0.029,-0.097
153617,1,0.409,0.975,99.068,24.68,-31.589540,116.783134
GYRO: 153694,1,-0.117,-0.032,-0.189
154020,1,0.685,0.972,99.071,24.69,-31.589531,116.783134
GYRO: 154097,1,0.005,0.426,-0.250
154421,1,0.494,0.978,99.068,24.66,-31.589531,116.783134
GYRO: 154498,1,0.189,-0.185,-0.067
154822,1,0.636,0.978,99.069,24.65,-31.589531,116.783134
GYRO: 154899,1,0.204,-0.185,0.010
155224,1,0.571,0.976,99.070,24.65,-31.589527,116.783134
GYRO: 155430,1,0.082,0.166,-0.006
155625,1,0.795,0.975,99.068,24.66,-31.589527,116.783134
GYRO: 155699,1,0.036,-0.078,-0.219
156027,1,0.346,1.003,99.072,24.68,-31.589533,116.783134
GYRO: 156101,1,0.051,-1.666,-0.265
156429,1,0.423,0.975,99.072,24.69,-31.589533,116.783134
GYRO: 156503,1,-1.170,-0.047,-0.112
156830,1,1.411,0.977,99.071,24.69,-31.589533,116.783134
GYRO: 156904,1,-0.025,0.166,-0.158
157232,1,0.308,0.978,99.073,24.69,-31.589537,116.783134
GYRO: 157306,1,-0.040,0.594,-0.082
157634,1,0.571,0.976,99.069,24.69,-31.589537,116.783134
GYRO: 157725,1,-0.163,0.411,0.086
158036,1,0.474,0.980,99.070,24.66,-31.589540,116.783134
GYRO: 158110,1,0.005,-0.261,-0.402
158437,1,0.527,0.977,99.070,24.65,-31.589540,116.783134
GYRO: 158510,1,0.234,0.487,0.269
158839,1,0.488,0.977,99.068,24.66,-31.589540,116.783134
GYRO: 158912,1,-0.147,0.014,-0.235
159240,1,0.678,0.978,99.072,24.66,-31.589542,116.783134
GYRO: 159313,1,0.158,0.151,0.208
159642,1,0.528,0.974,99.070,24.66,-31.589542,116.783134
GYRO: 159715,1,0.066,0.014,0.040
160043,1,0.548,0.977,99.069,24.65,-31.589544,116.783134
GYRO: 160117,1,0.127,0.105,-0.082
160445,1,0.541,0.977,99.067,24.66,-31.589544,116.783134
GYRO: 160518,1,-0.208,0.044,-0.112
160845,1,0.619,0.980,99.069,24.68,-31.589544,116.783134
GYRO: 160919,1,0.143,-0.032,-0.143
161246,1,0.322,0.975,99.068,24.65,-31.589546,116.783134
GYRO: 161320,1,0.066,-0.505,0.178
161648,1,0.574,0.977,99.071,24.61,-31.589546,116.783134
GYRO: 161721,1,0.112,0.182,0.071
162049,1,0.615,0.980,99.070,24.62,-31.589550,116.783134
GYRO: 162128,1,0.051,-0.108,-0.082
162452,1,0.547,0.977,99.073,24.64,-31.589550,116.783134
GYRO: 162525,1,-0.163,-0.108,-0.051
162854,1,0.530,0.974,99.071,24.63,-31.589550,116.783134
GYRO: 162928,1,0.005,0.014,-0.219
163256,1,0.541,0.974,99.070,24.64,-31.589552,116.783134
GYRO: 163329,1,0.158,-0.032,0.071
163656,1,0.804,0.977,99.068,24.64,-31.589552,116.783134
GYRO: 163729,1,-0.224,0.105,0.025
164057,1,0.813,0.978,99.071,24.63,-31.589552,116.783134
GYRO: 164131,1,0.005,-0.047,-0.204
164458,1,0.921,0.978,99.067,24.62,-31.589552,116.783134
GYRO: 164531,1,0.158,0.304,0.117
164860,1,0.572,0.972,99.071,24.65,-31.589552,116.783134
GYRO: 164934,1,0.051,-0.154,0.178
165262,1,0.542,0.979,99.071,24.66,-31.589548,116.783134
GYRO: 165336,1,-0.208,0.136,-0.235
165663,1,0.703,0.975,99.073,24.64,-31.589548,116.783134
GYRO: 165736,1,0.005,0.182,0.407
166065,1,0.724,0.976,99.072,24.65,-31.589548,116.783134
GYRO: 166139,1,0.143,-0.108,-0.326
166466,1,0.564,0.975,99.069,24.65,-31.589548,116.783134
GYRO: 166545,1,-0.239,0.289,0.040
166867,1,0.604,0.976,99.071,24.66,-31.589548,116.783134
GYRO: 166940,1,-0.208,0.044,-0.051
167269,1,0.381,0.978,99.072,24.66,-31.589548,116.783134
GYRO: 167343,1,0.280,0.227,-0.067
167670,1,0.334,0.974,99.071,24.64,-31.589548,116.783134
GYRO: 167743,1,0.189,-0.108,0.101
168072,1,0.553,0.977,99.070,24.65,-31.589548,116.783134
GYRO: 168145,1,0.234,-0.154,0.101
168473,1,0.606,0.975,99.069,24.64,-31.589548,116.783134
GYRO: 168546,1,0.112,0.151,-0.387
168874,1,0.602,0.979,99.067,24.64,-31.589548,116.783134
GYRO: 168948,1,0.036,-0.246,-0.311
169276,1,0.512,0.974,99.067,24.64,-31.589548,116.783134
GYRO: 169350,1,0.173,0.243,0.086
169677,1,0.729,0.977,99.067,24.65,-31.589548,116.783134
GYRO: 169751,1,0.021,0.105,-0.204
170079,1,0.632,0.976,99.070,24.63,-31.589548,116.783127
GYRO: 170152,1,0.005,-0.002,-0.189
170482,1,0.767,0.976,99.065,24.63,-31.589548,116.783127
GYRO: 170555,1,0.066,0.273,-0.158
170882,1,0.800,0.976,99.066,24.64,-31.589548,116.783127
GYRO: 170961,1,-0.086,0.411,-0.357
171283,1,0.953,0.978,99.068,24.63,-31.589548,116.783127
GYRO: 171357,1,0.158,-0.169,0.132
171685,1,1.082,0.973,99.066,24.65,-31.589548,116.783127
GYRO: 171765,1,0.448,0.212,-0.067
172087,1,1.117,0.963,99.068,24.64,-31.589548,116.783134
GYRO: 172161,1,-2.544,-0.200,-0.280
172488,1,0.773,0.973,99.069,24.64,-31.589548,116.783134
GYRO: 172562,1,-1.399,-1.467,0.315
172889,1,0.847,0.975,99.067,24.64,-31.589546,116.783134
GYRO: 172963,1,1.105,-1.009,0.132
173291,1,0.882,0.972,99.067,24.65,-31.589546,116.783134
GYRO: 173364,1,0.601,-3.391,0.040
173693,1,0.957,0.985,99.068,24.62,-31.589546,116.783134
GYRO: 173766,1,8.082,8.090,-0.799
174094,1,0.964,0.978,99.067,24.60,-31.589544,116.783127
GYRO: 174168,1,1.960,1.082,-0.433
174495,1,0.741,0.979,99.067,24.59,-31.589544,116.783127
GYRO: 174568,1,-2.819,-0.902,0.132
174896,1,0.803,0.973,99.063,24.59,-31.589544,116.783134
GYRO: 174969,1,0.051,-0.246,0.269
175298,1,0.875,0.984,99.066,24.60,-31.589544,116.783134
GYRO: 175377,1,-3.750,-0.353,0.101
175700,1,1.101,0.970,99.068,24.60,-31.589544,116.783134
GYRO: 175774,1,-0.392,-1.253,0.071
176102,1,0.776,0.971,99.067,24.61,-31.589544,116.783134
GYRO: 176176,1,0.433,0.441,-0.036
176503,1,0.978,0.977,99.068,24.59,-31.589544,116.783134
GYRO: 176577,1,-0.224,0.227,0.223
176905,1,0.709,0.978,99.067,24.59,-31.589544,116.783134
GYRO: 176978,1,-0.346,-0.429,0.208
177307,1,0.667,0.973,99.070,24.61,-31.589544,116.783134
GYRO: 177381,1,0.234,0.227,0.193
177708,1,1.090,0.975,99.064,24.60,-31.589544,116.783134
GYRO: 177786,1,0.326,0.350,0.208
178109,1,1.162,0.978,99.066,24.60,-31.589544,116.783134
GYRO: 178182,1,0.082,0.105,-0.235
178510,1,0.967,0.976,99.069,24.61,-31.589544,116.783134
GYRO: 178583,1,0.234,0.029,-0.036
178911,1,0.774,0.975,99.070,24.61,-31.589546,116.783134
GYRO: 178985,1,0.051,-0.002,0.147
179312,1,0.831,0.974,99.069,24.62,-31.589546,116.783134
GYRO: 179386,1,-0.102,-0.353,-0.067
179714,1,0.682,0.978,99.070,24.61,-31.589546,116.783134
GYRO: 179793,1,-0.117,0.090,0.223
180116,1,0.836,0.974,99.037,24.38,-31.589544,116.783134
GYRO: 180190,1,-0.239,-0.078,-0.082
180517,1,0.913,0.981,99.071,24.59,-31.589544,116.783134
GYRO: 180591,1,0.158,0.212,0.040
180919,1,0.778,0.979,99.069,24.58,-31.589544,116.783134
GYRO: 180992,1,0.066,0.212,0.010
181321,1,0.787,0.976,99.069,24.58,-31.589544,116.783134
GYRO: 181395,1,0.158,-0.200,-0.021
181722,1,0.729,0.974,99.069,24.59,-31.589544,116.783134
GYRO: 181795,1,0.051,-0.002,0.101
182124,1,0.776,0.976,99.068,24.59,-31.589544,116.783134
GYRO: 182207,1,0.036,-0.261,-0.051
182525,1,0.347,0.976,99.071,24.56,-31.589544,116.783134
GYRO: 182601,1,-0.025,-0.063,-0.006
182926,1,0.744,0.973,99.069,24.53,-31.589544,116.783142
GYRO: 183002,1,0.021,-0.063,-0.265
183328,1,0.510,0.976,99.066,24.51,-31.589544,116.783142
GYRO: 183405,1,0.005,0.029,-0.235
183729,1,0.611,0.972,99.071,24.51,-31.589544,116.783142
GYRO: 183806,1,0.265,0.014,-0.128
184130,1,0.446,0.988,99.071,24.49,-31.589544,116.783142
GYRO: 184210,1,0.066,-7.009,0.697
184532,1,0.576,0.846,99.068,24.46,-31.589544,116.783142
GYRO: 184608,1,-0.850,3.586,-1.334
184933,1,0.768,0.995,99.065,24.45,-31.589537,116.783142
GYRO: 185009,1,0.372,-0.215,-0.479
185335,1,0.947,0.977,99.068,24.44,-31.589537,116.783142
GYRO: 185412,1,0.143,-2.490,0.376
185737,1,0.991,0.974,99.066,24.46,-31.589537,116.783142
GYRO: 185813,1,-0.636,-3.513,0.239
186139,1,0.943,0.973,99.068,24.47,-31.589533,116.783142
GYRO: 186215,1,-1.796,-1.162,0.025
186539,1,0.795,0.977,99.069,24.46,-31.589533,116.783142
GYRO: 186621,1,-0.132,-0.002,-0.128
186940,1,1.189,0.974,99.065,24.45,-31.589533,116.783142
GYRO: 187016,1,0.158,-1.024,-0.173
187341,1,0.829,0.982,99.065,24.45,-31.589533,116.783142
GYRO: 187418,1,1.334,0.762,-0.143
187744,1,1.057,0.978,99.069,24.44,-31.589533,116.783142
GYRO: 187820,1,-1.155,0.945,0.147
188145,1,1.147,0.983,99.065,24.44,-31.589537,116.783150
GYRO: 188222,1,-0.346,-1.192,-0.112
188546,1,0.924,0.981,99.070,24.44,-31.589537,116.783150
GYRO: 188622,1,-0.270,-1.177,0.590
188948,1,0.682,0.973,99.071,24.44,-31.589540,116.783150
GYRO: 189024,1,0.784,0.808,-0.036
189350,1,0.677,0.975,99.070,24.43,-31.589540,116.783150
GYRO: 189427,1,-0.483,-0.231,-0.067
189752,1,0.616,0.975,99.068,24.42,-31.589540,116.783150
GYRO: 189828,1,0.021,0.304,0.132
190153,1,0.882,0.978,99.067,24.40,-31.589540,116.783150
GYRO: 190229,1,0.341,-0.032,0.071
190554,1,0.640,0.977,99.073,24.40,-31.589540,116.783150
GYRO: 190630,1,-0.239,0.395,-0.311
190956,1,0.558,0.976,99.069,24.40,-31.589544,116.783150
GYRO: 191162,1,0.097,0.304,-0.051
191358,1,0.723,0.986,99.069,24.41,-31.589544,116.783150
GYRO: 191431,1,-0.086,-0.139,-0.051
191760,1,0.706,0.977,99.064,24.40,-31.589544,116.783150
GYRO: 191834,1,0.112,0.456,0.117
192161,1,0.696,0.974,99.067,24.41,-31.589544,116.783150
GYRO: 192235,1,0.219,-0.017,0.010
192562,1,0.889,0.977,99.068,24.41,-31.589544,116.783150
GYRO: 192636,1,0.051,0.060,0.056
192964,1,0.769,0.978,99.068,24.41,-31.589544,116.783150
GYRO: 193037,1,-0.208,0.105,0.254
193366,1,1.006,0.980,99.066,24.40,-31.589544,116.783150
GYRO: 193440,1,0.158,0.502,-0.006
193767,1,0.963,0.978,99.067,24.40,-31.589544,116.783150
GYRO: 193841,1,-0.117,-0.200,-0.128
194169,1,1.116,0.978,99.067,24.40,-31.589544,116.783150
GYRO: 194243,1,0.066,0.136,0.010
194570,1,1.191,0.976,99.067,24.40,-31.589544,116.783150
GYRO: 194643,1,0.036,0.350,0.178
194971,1,1.100,0.977,99.065,24.39,-31.589544,116.783150
GYRO: 195045,1,0.295,0.060,0.040
195372,1,1.025,0.979,99.065,24.39,-31.589544,116.783150
GYRO: 195450,1,-0.040,0.182,-0.189
195773,1,1.078,0.976,99.068,24.40,-31.589544,116.783150
GYRO: 195847,1,-0.010,0.136,-0.006
196174,1,1.044,0.975,99.065,24.42,-31.589548,116.783150
GYRO: 196251,1,0.219,0.227,0.147
196575,1,0.695,0.980,99.068,24.40,-31.589548,116.783150
GYRO: 196649,1,0.219,0.060,0.285
196977,1,1.246,0.974,99.064,24.39,-31.589552,116.783150
GYRO: 197051,1,-0.056,0.105,0.193
197378,1,0.842,0.975,99.066,24.36,-31.589552,116.783150
GYRO: 197452,1,0.051,0.365,0.223
197781,1,1.024,0.976,99.067,24.32,-31.589552,116.783150
GYRO: 197855,1,-0.468,-0.368,0.391
198181,1,1.142,0.978,99.065,24.31,-31.589558,116.783150
GYRO: 198255,1,-0.178,0.380,0.269
198582,1,1.020,0.980,99.070,24.28,-31.589558,116.783150
GYRO: 198656,1,0.005,0.060,-0.173
198984,1,0.747,0.978,99.069,24.30,-31.589558,116.783150
GYRO: 199058,1,0.189,0.365,0.162
199386,1,0.894,0.976,99.066,24.34,-31.589558,116.783150
GYRO: 199460,1,1.654,-0.826,-0.815
199786,1,0.917,0.976,99.070,24.35,-31.589558,116.783150
GYRO: 199865,1,1.654,2.136,-0.250
200187,1,1.459,0.981,99.071,24.35,-31.589558,116.783150
GYRO: 200261,1,-2.346,-0.826,0.285
200588,1,0.852,0.977,99.069,24.34,-31.589558,116.783150
GYRO: 200662,1,-0.010,-0.643,0.086
200990,1,0.696,0.978,99.071,24.34,-31.589560,116.783150
GYRO: 201064,1,0.891,1.098,-0.250
201391,1,0.836,0.975,99.068,24.35,-31.589560,116.783150
GYRO: 201465,1,-0.193,0.304,0.239
201792,1,1.102,0.975,99.066,24.36,-31.589560,116.783150
GYRO: 201866,1,-0.056,0.212,-0.235
202193,1,0.504,0.976,99.071,24.37,-31.589561,116.783150
GYRO: 202272,1,0.448,0.227,-0.051
202594,1,0.746,0.980,99.067,24.38,-31.589561,116.783150
GYRO: 202668,1,0.219,0.472,-0.143
202995,1,0.606,0.978,99.069,24.38,-31.589556,116.783142
GYRO: 203069,1,0.189,0.258,0.132
203397,1,0.553,0.979,99.068,24.37,-31.589556,116.783142
GYRO: 203471,1,-0.010,-0.078,0.178
203798,1,0.800,0.982,99.067,24.38,-31.589556,116.783142
GYRO: 203872,1,-1.094,-4.185,-0.662
204199,1,0.627,0.997,99.071,24.39,-31.589546,116.783142
GYRO: 204277,1,4.372,-6.505,-0.097
204601,1,0.680,0.970,99.070,24.38,-31.589546,116.783142
GYRO: 204675,1,1.440,6.304,0.239
205003,1,0.541,0.983,99.069,24.36,-31.589544,116.783134
GYRO: 205077,1,0.036,-1.437,0.391
205403,1,0.497,0.979,99.070,24.37,-31.589544,116.783134
GYRO: 205477,1,2.982,7.724,-0.219
205805,1,0.670,0.977,99.069,24.37,-31.589544,116.783134
GYRO: 205879,1,-0.560,-4.765,1.430
206206,1,0.489,0.991,99.072,24.39,-31.589540,116.783134
GYRO: 206280,1,3.196,6.121,0.010
206607,1,0.591,0.979,99.069,24.39,-31.589540,116.783134
GYRO: 206687,1,0.051,-2.979,0.056
207008,1,0.188,0.970,99.071,24.41,-31.589542,116.783134
GYRO: 207082,1,-0.254,-1.696,0.208
207410,1,0.115,0.979,99.069,24.41,-31.589542,116.783134
GYRO: 207484,1,0.295,-0.139,-0.067
207812,1,0.541,0.974,99.075,24.41,-31.589542,116.783134
GYRO: 207886,1,0.555,0.227,0.300
208213,1,0.162,0.977,99.070,24.40,-31.589537,116.783127
GYRO: 208287,1,0.097,0.273,-0.250
208615,1,0.167,0.975,99.073,24.39,-31.589537,116.783127
GYRO: 208695,1,-0.132,-0.078,0.025
209016,1,0.389,0.974,99.075,24.38,-31.589537,116.783127
GYRO: 209090,1,-0.132,0.044,0.178
209417,1,0.187,0.980,99.074,24.38,-31.589537,116.783127
GYRO: 209491,1,-0.025,0.212,0.071
209819,1,0.418,0.981,99.071,24.39,-31.589537,116.783127
GYRO: 209893,1,-0.163,-0.566,-0.051
210221,1,0.618,0.976,99.045,24.22,-31.589537,116.783119
GYRO: 210295,1,0.021,-0.063,-0.143
210623,1,0.297,0.975,99.071,24.38,-31.589537,116.783119
GYRO: 210697,1,0.341,0.136,0.330
211025,1,0.074,0.979,99.072,24.35,-31.589533,116.783119
GYRO: 211105,1,0.295,0.319,0.025
211427,1,0.575,0.974,99.071,24.30,-31.589533,116.783119
GYRO: 211501,1,0.372,0.289,0.193
211828,1,0.467,0.976,99.072,24.29,-31.589533,116.783119
GYRO: 211902,1,0.097,0.334,-0.036
212230,1,0.179,0.976,99.072,24.26,-31.589531,116.783119
GYRO: 212304,1,0.418,0.029,0.025
212631,1,0.479,0.977,99.073,24.26,-31.589531,116.783119
GYRO: 212705,1,0.311,0.350,0.010
213034,1,0.169,0.981,99.072,24.25,-31.589531,116.783119
GYRO: 213108,1,0.204,0.060,0.330
213435,1,0.057,0.980,99.075,24.23,-31.589531,116.783119
GYRO: 213510,1,0.036,0.243,-0.006
213837,1,-0.008,0.976,99.074,24.21,-31.589531,116.783119
GYRO: 213912,1,0.097,0.212,0.269
214238,1,0.146,0.972,99.073,24.17,-31.589533,116.783119
GYRO: 214312,1,-0.407,0.319,-0.250
214640,1,0.253,0.979,99.071,24.14,-31.589533,116.783119
GYRO: 214714,1,0.326,0.136,-0.006
215040,1,-0.044,0.976,99.076,24.13,-31.589533,116.783112
GYRO: 215115,1,-0.086,-0.124,-0.082
215442,1,0.079,0.979,99.074,24.09,-31.589533,116.783112
GYRO: 215522,1,0.051,0.212,-0.280
215843,1,0.072,0.974,99.076,24.07,-31.589533,116.783112
GYRO: 215917,1,0.372,-0.063,-0.006
216244,1,0.065,0.977,99.073,24.06,-31.589537,116.783104
GYRO: 216318,1,0.097,0.075,0.101
216645,1,-0.201,0.975,99.076,24.04,-31.589537,116.783104
GYRO: 216721,1,-0.056,0.105,-0.051
217046,1,0.043,0.973,99.075,24.02,-31.589531,116.783112
GYRO: 217120,1,-0.040,0.105,0.162
217447,1,0.097,0.979,99.079,23.99,-31.589531,116.783112
GYRO: 217521,1,-0.117,0.075,0.117
217849,1,-0.289,0.974,99.076,23.96,-31.589531,116.783112
GYRO: 217927,1,-0.132,-0.108,-0.357
218252,1,-0.207,0.977,99.075,23.95,-31.589527,116.783112
GYRO: 218330,1,-0.010,0.105,-0.051
218653,1,-0.086,0.981,99.073,23.93,-31.589527,116.783112
GYRO: 218731,1,0.158,0.075,0.300
219054,1,-0.131,0.975,99.076,23.92,-31.589523,116.783112
GYRO: 219132,1,0.005,0.044,-0.326
219456,1,-0.053,0.979,99.076,23.90,-31.589523,116.783112
GYRO: 219535,1,0.219,-0.017,0.086
219859,1,-0.023,0.981,99.076,23.89,-31.589523,116.783112
GYRO: 219944,1,0.005,0.227,0.285
220260,1,-0.026,0.976,99.074,23.88,-31.589520,116.783112
GYRO: 220338,1,-0.147,-0.063,-0.082
220662,1,0.082,0.979,99.076,23.86,-31.589520,116.783112
GYRO: 220739,1,-0.010,0.472,-0.143
221063,1,0.139,0.980,99.074,23.84,-31.589520,116.783112
GYRO: 221140,1,0.158,-0.078,-0.082
221464,1,-0.032,0.977,99.076,23.82,-31.589520,116.783112
GYRO: 221542,1,0.326,-0.017,-0.097
221866,1,0.061,0.982,99.075,23.81,-31.589520,116.783112
GYRO: 221943,1,0.066,0.136,0.040
222267,1,0.025,0.978,99.074,23.79,-31.589520,116.783112
GYRO: 222344,1,0.265,0.060,-0.525
222670,1,-0.136,0.980,99.075,23.78,-31.589520,116.783112
GYRO: 222747,1,-0.239,-0.002,0.162
223070,1,0.179,0.979,99.074,23.77,-31.589520,116.783112
GYRO: 223147,1,0.204,0.212,0.285
223471,1,-0.008,0.978,99.073,23.75,-31.589520,116.783112
GYRO: 223549,1,0.158,0.029,-0.158
223873,1,0.172,0.977,99.075,23.73,-31.589521,116.783112
GYRO: 223949,1,0.250,0.411,0.162
224275,1,0.018,0.977,99.076,23.71,-31.589521,116.783112
GYRO: 224358,1,0.540,0.136,0.208
224676,1,-0.220,0.980,99.076,23.69,-31.589521,116.783112
GYRO: 224754,1,0.570,-0.078,-0.006
225077,1,-0.081,0.980,99.072,23.68,-31.589521,116.783112
GYRO: 225155,1,0.036,0.014,0.056
225478,1,0.035,0.978,99.074,23.67,-31.589521,116.783112
GYRO: 225555,1,-0.178,0.105,0.208
225879,1,-0.444,0.976,99.079,23.66,-31.589523,116.783112
GYRO: 225957,1,0.051,-0.108,0.025
226280,1,-0.564,0.979,99.077,23.64,-31.589523,116.783112
GYRO: 226358,1,0.418,0.044,0.025
226682,1,-0.474,0.978,99.077,23.62,-31.589523,116.783112
GYRO: 226882,1,-0.178,-0.002,0.315
227084,1,-0.395,0.975,99.077,23.60,-31.589523,116.783112
GYRO: 227159,1,0.708,0.105,-0.250
227486,1,-0.352,0.979,99.078,23.58,-31.589523,116.783112
GYRO: 227564,1,0.112,-0.078,-0.112
227887,1,-0.571,0.978,99.075,23.58,-31.589533,116.783112
GYRO: 227962,1,0.143,0.044,-0.051
228289,1,-0.369,0.978,99.078,23.59,-31.589533,116.783112
GYRO: 228364,1,0.295,0.243,0.117
228690,1,-0.701,0.977,99.078,23.58,-31.589533,116.783112
GYRO: 228782,1,0.158,-0.032,0.010
229092,1,-0.380,0.973,99.079,23.59,-31.589537,116.783112
GYRO: 229166,1,-0.040,-0.093,-0.051
229493,1,-0.267,0.981,99.077,23.57,-31.589537,116.783112
GYRO: 229567,1,0.021,0.029,0.132
229895,1,-0.099,0.982,99.079,23.57,-31.589540,116.783112
GYRO: 229969,1,-0.010,-0.017,-0.067
230296,1,-0.027,0.973,99.075,23.55,-31.589540,116.783112
GYRO: 230370,1,0.234,-0.322,-0.326
230698,1,-0.413,0.976,99.078,23.53,-31.589540,116.783112
GYRO: 230772,1,0.234,0.395,0.269
231098,1,-0.484,0.978,99.077,23.50,-31.589540,116.783112
GYRO: 231172,1,0.219,-0.002,-0.051
231499,1,-0.389,0.978,99.078,23.49,-31.589540,116.783112
GYRO: 231573,1,-0.040,0.044,0.193
231900,1,-0.463,0.976,99.075,23.47,-31.589540,116.783112
GYRO: 231974,1,0.158,0.289,-0.036
232302,1,-0.398,0.978,99.078,23.46,-31.589540,116.783112
GYRO: 232376,1,0.051,0.151,0.346
232704,1,-0.340,0.978,99.076,23.45,-31.589540,116.783112
GYRO: 232778,1,0.189,0.289,0.040
233106,1,-0.196,0.980,99.076,23.43,-31.589542,116.783112
GYRO: 233191,1,0.051,0.243,-0.006
233507,1,-0.368,0.981,99.076,23.42,-31.589542,116.783112
GYRO: 233582,1,0.097,0.060,0.101
233909,1,-0.359,0.978,99.077,23.41,-31.589542,116.783119
GYRO: 233983,1,0.066,-0.063,0.025
234311,1,-0.246,0.978,99.075,23.39,-31.589542,116.783119
GYRO: 234386,1,-0.071,0.411,0.193
234713,1,-0.261,0.979,99.078,23.37,-31.589542,116.783119
GYRO: 234787,1,0.158,0.350,-0.021
235114,1,-0.265,0.978,99.072,23.34,-31.589542,116.783119
GYRO: 235188,1,0.127,-0.078,-0.006
235515,1,-0.116,0.979,99.074,23.33,-31.589542,116.783119
GYRO: 235589,1,0.341,0.304,0.025
235917,1,0.006,0.981,99.074,23.30,-31.589544,116.783119
GYRO: 235990,1,0.265,0.243,-0.021
236318,1,-0.281,0.975,99.077,23.28,-31.589544,116.783119
GYRO: 236393,1,0.097,0.304,-0.280
236720,1,-0.288,0.979,99.076,23.28,-31.589544,116.783119
GYRO: 236794,1,0.219,0.350,-0.021
237122,1,0.738,0.981,99.074,23.24,-31.589548,116.783119
GYRO: 237196,1,0.066,0.166,0.162
237523,1,0.132,0.977,99.075,23.23,-31.589548,116.783119
GYRO: 237601,1,0.051,0.075,-0.204
237924,1,-0.277,0.980,99.076,23.22,-31.589546,116.783119
GYRO: 237999,1,0.005,0.258,-0.158
238326,1,-0.203,0.973,99.075,23.21,-31.589546,116.783119
GYRO: 238400,1,0.158,0.075,0.239
238728,1,-0.164,0.977,99.076,23.20,-31.589546,116.783119
GYRO: 238802,1,-0.040,-0.200,-0.036
239130,1,-0.215,0.982,99.075,23.19,-31.589548,116.783112
GYRO: 239205,1,-0.086,-0.475,-0.021
239532,1,-0.309,0.976,99.075,23.20,-31.589548,116.783112
GYRO: 239606,1,0.036,-0.047,0.071
239933,1,-0.268,0.979,99.075,23.22,-31.589548,116.783112
GYRO: 240013,1,0.051,0.350,0.117
240334,1,-0.413,0.976,99.074,23.23,-31.589548,116.783112
GYRO: 240408,1,-0.025,0.029,-0.067
240735,1,-0.478,0.980,99.079,23.24,-31.589548,116.783112
GYRO: 240809,1,0.036,0.426,0.193
241137,1,-0.357,0.979,99.074,23.20,-31.589552,116.783112
GYRO: 241211,1,0.601,0.319,0.056
241539,1,-0.144,0.978,99.077,23.19,-31.589552,116.783112
GYRO: 241614,1,0.234,0.029,-0.067
241940,1,-0.020,0.978,99.075,23.18,-31.589552,116.783112
GYRO: 242019,1,0.295,-0.200,0.086
242342,1,-0.242,0.981,99.077,23.18,-31.589552,116.783112
GYRO: 242416,1,-0.254,0.212,-0.112
242744,1,-0.159,0.975,99.076,23.17,-31.589552,116.783112
GYRO: 242818,1,0.036,0.289,-0.250
243146,1,-0.233,0.979,99.074,23.16,-31.589567,116.783119
GYRO: 243221,1,0.280,0.121,0.162
243548,1,-0.366,0.977,99.076,23.15,-31.589567,116.783119
GYRO: 243622,1,0.479,0.227,-0.158
243950,1,0.081,0.980,99.077,23.15,-31.589561,116.783119
GYRO: 244024,1,0.265,0.304,0.025
244351,1,-0.275,0.983,99.078,23.14,-31.589561,116.783119
GYRO: 244431,1,0.097,0.044,-0.021
244752,1,-0.188,0.978,99.076,23.13,-31.589561,116.783119
GYRO: 244826,1,0.051,-0.169,-0.021
245155,1,-0.336,0.978,99.076,23.13,-31.589548,116.783127
GYRO: 245229,1,0.005,-0.047,-0.235
245555,1,-0.273,0.978,99.078,23.12,-31.589548,116.783127
GYRO: 245629,1,0.158,-0.063,-0.006
245957,1,-0.583,0.981,99.078,23.11,-31.589544,116.783119
GYRO: 246032,1,0.021,0.350,-0.250
246359,1,-0.539,0.973,99.080,23.10,-31.589544,116.783119
GYRO: 246438,1,0.265,-0.078,0.010
246761,1,-0.567,0.974,99.077,23.09,-31.589544,116.783119
GYRO: 246836,1,0.051,0.518,0.040
247162,1,-0.327,0.980,99.077,23.09,-31.589539,116.783127
GYRO: 247236,1,0.204,-0.108,0.162
247564,1,-0.445,0.978,99.076,23.07,-31.589539,116.783127
GYRO: 247639,1,0.051,-0.124,-0.082
247966,1,-0.389,0.978,99.078,23.08,-31.589537,116.783119
GYRO: 248040,1,-0.025,0.151,-0.036
248367,1,-0.350,0.978,99.075,23.06,-31.589537,116.783119
GYRO: 248441,1,0.066,0.014,0.101
248769,1,-0.119,0.979,99.074,23.06,-31.589537,116.783119
GYRO: 248849,1,0.127,0.227,0.223
249170,1,-0.370,0.979,99.078,23.05,-31.589537,116.783119
GYRO: 249244,1,-0.147,0.197,0.269
249572,1,-0.276,0.979,99.078,23.06,-31.589537,116.783119
GYRO: 249647,1,-0.071,0.044,-0.051
249973,1,-0.113,0.979,99.076,23.05,-31.589537,116.783119
GYRO: 250048,1,0.189,-0.002,0.239
250374,1,0.059,0.980,99.074,23.06,-31.589537,116.783119
GYRO: 250448,1,0.234,-0.078,-0.189
250775,1,0.076,0.976,99.074,23.04,-31.589537,116.783119
GYRO: 250853,1,0.051,0.121,-0.128
251176,1,-0.110,0.978,99.074,23.03,-31.589537,116.783119
GYRO: 251251,1,0.204,-0.032,-0.235
251577,1,-0.216,0.980,99.075,23.02,-31.589537,116.783119
GYRO: 251651,1,0.158,0.258,-0.204
251978,1,0.046,0.982,99.074,23.01,-31.589537,116.783119
GYRO: 252051,1,-0.193,0.060,-0.219
252380,1,-0.010,0.976,99.073,23.00,-31.589537,116.783119
GYRO: 252454,1,-0.010,-0.002,-0.235
252782,1,0.230,0.978,99.075,22.99,-31.589537,116.783119
GYRO: 252856,1,0.204,0.029,-0.326
253183,1,0.153,0.980,99.072,22.98,-31.589537,116.783119
GYRO: 253266,1,-0.086,0.151,-0.128
253584,1,0.254,0.979,99.075,22.98,-31.589537,116.783119
GYRO: 253661,1,0.066,0.166,0.132
253987,1,0.187,0.981,99.073,22.97,-31.589537,116.783119
GYRO: 254063,1,0.127,0.411,-0.189
254388,1,0.316,0.981,99.071,22.96,-31.589537,116.783119
GYRO: 254464,1,0.036,0.060,-0.051
254789,1,0.361,0.978,99.072,22.96,-31.589537,116.783119
GYRO: 254865,1,0.189,-0.124,0.056
255191,1,0.456,0.977,99.070,22.96,-31.589537,116.783119
GYRO: 255268,1,0.082,0.029,0.025
255594,1,0.473,0.977,99.070,22.96,-31.589537,116.783119
GYRO: 255670,1,-0.285,0.060,0.132
255996,1,0.353,0.978,99.071,22.95,-31.589535,116.783119
GYRO: 256073,1,0.127,0.518,-0.280
256397,1,0.510,0.978,99.068,22.94,-31.589535,116.783119
GYRO: 256473,1,0.066,0.227,-0.128
256798,1,0.455,0.981,99.075,22.95,-31.589535,116.783119
GYRO: 256875,1,-0.071,-0.063,0.086
257201,1,0.330,0.983,99.070,22.96,-31.589537,116.783119
GYRO: 257277,1,-0.010,0.075,0.040
257602,1,0.363,0.979,99.073,22.95,-31.589537,116.783119
GYRO: 257686,1,0.356,0.289,0.086
258003,1,0.663,0.981,99.069,22.96,-31.589537,116.783119
GYRO: 258079,1,0.082,0.105,-0.036
258404,1,0.226,0.985,99.073,22.94,-31.589537,116.783119
GYRO: 258481,1,-0.071,-0.139,-0.082
258805,1,0.221,0.980,99.071,22.93,-31.589537,116.783119
GYRO: 258882,1,0.295,0.121,-0.357
259207,1,0.575,0.980,99.070,22.95,-31.589540,116.783119
GYRO: 259283,1,0.021,-0.017,-0.067
259609,1,0.364,0.983,99.073,22.96,-31.589540,116.783119
GYRO: 259685,1,0.143,-0.063,0.407
260011,1,0.410,0.979,99.071,22.96,-31.589540,116.783119
GYRO: 260087,1,0.036,0.060,0.056
260413,1,1.147,0.977,99.072,22.96,-31.589540,116.783119
GYRO: 260490,1,0.280,0.518,-0.112
260815,1,0.332,0.979,99.074,22.95,-31.589540,116.783119
GYRO: 260892,1,0.112,0.121,0.117
261217,1,0.467,0.975,99.074,22.96,-31.589540,116.783119
GYRO: 261293,1,0.097,0.014,0.162
261619,1,0.211,0.978,99.076,22.96,-31.589540,116.783119
GYRO: 261695,1,0.127,0.029,0.071
262020,1,0.086,0.987,99.072,22.97,-31.589540,116.783119
GYRO: 262225,1,2.891,3.113,0.422
262423,1,-0.180,0.965,99.076,22.98,-31.589540,116.783119
GYRO: 262497,1,-1.292,-2.169,-0.051
262823,1,0.258,0.975,99.074,22.98,-31.589540,116.783119
GYRO: 262897,1,-0.056,2.136,0.956
263225,1,0.077,0.976,99.075,22.99,-31.589542,116.783127
GYRO: 263299,1,3.272,-2.750,0.880
263626,1,-0.004,0.985,99.075,23.00,-31.589542,116.783127
GYRO: 263701,1,2.738,0.991,0.254
264028,1,-0.030,0.984,99.073,23.01,-31.589544,116.783127
GYRO: 264103,1,2.265,2.411,0.040
264431,1,0.087,0.981,99.074,23.03,-31.589544,116.783127
GYRO: 264504,1,-3.750,-2.902,-0.448
264831,1,0.014,0.979,99.075,23.03,-31.589544,116.783127
GYRO: 264905,1,0.005,0.991,-0.036
265233,1,-0.059,0.981,99.073,23.04,-31.589544,116.783127
GYRO: 265308,1,1.990,0.456,0.040
265635,1,-0.065,0.976,99.075,23.06,-31.589544,116.783127
GYRO: 265710,1,0.601,-0.200,0.010
266037,1,0.220,0.979,99.071,23.07,-31.589544,116.783127
GYRO: 266110,1,1.471,-0.765,0.193
266438,1,0.298,0.979,99.075,23.09,-31.589544,116.783127
GYRO: 266516,1,-1.216,-0.933,0.178
266839,1,0.057,0.986,99.075,23.08,-31.589544,116.783127
GYRO: 266913,1,2.692,-3.101,-0.067
267240,1,0.166,0.979,99.074,23.09,-31.589542,116.783127
GYRO: 267314,1,0.418,1.540,0.483
267641,1,0.084,0.984,99.076,23.11,-31.589542,116.783127
GYRO: 267715,1,0.418,-0.872,-0.280
268042,1,0.116,0.981,99.071,23.11,-31.589544,116.783127
GYRO: 268116,1,0.234,0.945,0.208
268444,1,0.252,0.982,99.073,23.13,-31.589544,116.783127
GYRO: 268518,1,0.158,-1.620,-0.265
268846,1,0.285,0.978,99.076,23.14,-31.589544,116.783127
GYRO: 268920,1,0.036,1.327,-0.051
269247,1,0.214,0.981,99.073,23.16,-31.589548,116.783127
GYRO: 269321,1,0.555,1.632,0.162
269648,1,0.342,0.979,99.075,23.18,-31.589548,116.783127
GYRO: 269722,1,-0.147,-1.330,0.193
270049,1,0.021,0.978,99.071,23.19,-31.589550,116.783127
GYRO: 270129,1,-0.224,0.624,-0.204
270450,1,0.345,0.980,99.073,23.18,-31.589550,116.783127
GYRO: 270524,1,-0.010,0.075,0.269
270851,1,0.375,0.980,99.071,23.19,-31.589550,116.783127
GYRO: 270929,1,-0.346,0.044,-0.311
271253,1,0.151,0.977,99.074,23.21,-31.589550,116.783127
GYRO: 271327,1,-1.170,-1.437,0.086
271654,1,0.494,0.981,99.070,23.21,-31.589550,116.783127
GYRO: 271728,1,0.234,-0.857,-0.006
272056,1,0.249,0.985,99.072,23.22,-31.589548,116.783127
GYRO: 272130,1,1.166,0.884,0.239
272458,1,0.506,0.981,99.068,23.22,-31.589548,116.783127
GYRO: 272532,1,-0.331,-0.139,-0.250
272859,1,0.432,0.975,99.073,23.24,-31.589548,116.783127
GYRO: 272933,1,0.250,-0.795,-0.067
273260,1,0.201,0.978,99.072,23.26,-31.589550,116.783134
GYRO: 273339,1,-2.361,-0.536,-0.097
273662,1,0.509,0.978,99.072,23.28,-31.589550,116.783134
GYRO: 273736,1,-0.590,-1.406,0.468
274063,1,0.539,0.980,99.072,23.28,-31.589544,116.783134
GYRO: 274137,1,-0.773,2.930,0.422
274465,1,0.463,0.977,99.070,23.31,-31.589544,116.783134
GYRO: 274539,1,-1.323,-0.597,-0.311
274867,1,0.480,0.983,99.071,23.31,-31.589540,116.783134
GYRO: 274941,1,-0.376,-0.521,0.071
275268,1,0.328,0.979,99.071,23.31,-31.589540,116.783134
GYRO: 275346,1,0.845,0.350,-0.067
275670,1,0.340,0.985,99.072,23.34,-31.589540,116.783134
GYRO: 275743,1,0.616,-0.368,-0.219
276071,1,0.347,0.977,99.071,23.36,-31.589539,116.783142
GYRO: 276145,1,-0.605,2.227,0.559
276473,1,0.218,0.982,99.075,23.37,-31.589539,116.783142
GYRO: 276547,1,-0.819,0.594,0.575
276876,1,0.009,0.971,99.072,23.39,-31.589540,116.783142
GYRO: 276950,1,-0.697,1.006,0.117
277277,1,0.297,0.980,99.071,23.40,-31.589540,116.783142
GYRO: 277351,1,-1.369,-0.765,-0.219
277679,1,0.407,0.982,99.072,23.40,-31.589540,116.783142
GYRO: 277758,1,0.311,0.350,0.071
278080,1,0.336,0.979,99.072,23.41,-31.589542,116.783142
GYRO: 278154,1,1.669,0.350,-0.067
278481,1,0.099,0.980,99.074,23.42,-31.589542,116.783142
GYRO: 278555,1,0.677,1.143,-0.021
278882,1,0.210,0.980,99.075,23.44,-31.589540,116.783142
GYRO: 278956,1,0.876,0.777,0.239
279283,1,0.192,0.982,99.073,23.45,-31.589540,116.783142
GYRO: 279357,1,0.631,0.136,0.147
279685,1,0.359,0.979,99.070,23.46,-31.589540,116.783142
GYRO: 279759,1,0.692,0.762,-0.067
280086,1,0.538,0.977,99.072,23.48,-31.589542,116.783134
GYRO: 280160,1,1.364,0.182,-0.082
280488,1,1.182,0.976,99.071,23.48,-31.589542,116.783134
GYRO: 280562,1,-0.728,0.166,0.193
280890,1,0.433,0.978,99.072,23.48,-31.589540,116.783134
GYRO: 280964,1,3.960,0.350,1.338
281291,1,0.354,0.978,99.070,23.49,-31.589540,116.783134
GYRO: 281365,1,-0.651,-2.750,0.162
281692,1,0.382,0.978,99.070,23.49,-31.589540,116.783134
GYRO: 281766,1,-0.575,1.037,0.132
282093,1,0.671,0.979,99.069,23.51,-31.589540,116.783134
GYRO: 282172,1,1.150,-0.475,0.208
282495,1,0.840,0.978,99.068,23.52,-31.589540,116.783134
GYRO: 282569,1,0.326,-0.139,-0.173
282897,1,0.723,0.976,99.067,23.53,-31.589542,116.783134
GYRO: 282971,1,-0.117,-0.231,-0.158
283298,1,0.513,0.980,99.070,23.54,-31.589542,116.783134
GYRO: 283372,1,-1.048,0.808,-0.173
283700,1,0.788,0.982,99.068,23.55,-31.589542,116.783134
GYRO: 283774,1,0.097,0.777,-0.082
284101,1,0.428,0.981,99.071,23.56,-31.589533,116.783134
GYRO: 284175,1,0.234,-0.429,-0.036
284503,1,0.630,0.978,99.071,23.58,-31.589533,116.783134
GYRO: 284577,1,0.372,-0.200,-0.173
284905,1,0.651,0.979,99.073,23.59,-31.589533,116.783127
GYRO: 284978,1,0.021,-0.704,-0.051
285307,1,0.687,0.979,99.069,23.60,-31.589533,116.783127
GYRO: 285381,1,-0.331,0.105,0.178
285707,1,0.589,0.979,99.071,23.60,-31.589533,116.783127
GYRO: 285781,1,-0.040,0.029,0.101
286108,1,0.776,0.976,99.067,23.60,-31.589535,116.783119
GYRO: 286182,1,0.005,-1.376,0.010
286509,1,0.646,0.981,99.071,23.61,-31.589535,116.783119
GYRO: 286589,1,-0.040,-0.429,0.101
286910,1,0.930,0.979,99.069,23.62,-31.589535,116.783127
GYRO: 286984,1,2.677,2.212,0.300
287312,1,0.665,0.982,99.067,23.63,-31.589535,116.783127
GYRO: 287386,1,1.746,0.716,-0.189
287713,1,0.723,0.976,99.066,23.64,-31.589535,116.783127
GYRO: 287787,1,0.494,0.304,-0.097
288115,1,1.002,0.982,99.066,23.66,-31.589531,116.783134
GYRO: 288189,1,-0.025,-0.032,0.544
288516,1,1.086,0.977,99.068,23.65,-31.589531,116.783134
GYRO: 288590,1,0.341,0.243,0.223
288917,1,1.082,0.978,99.065,23.67,-31.589527,116.783134
GYRO: 288994,1,0.616,2.472,0.208
289319,1,1.007,0.981,99.067,23.68,-31.589527,116.783134
GYRO: 289396,1,-0.163,-1.727,-0.158
289721,1,0.903,0.977,99.068,23.68,-31.589527,116.783134
GYRO: 289798,1,0.189,0.273,-0.036
290123,1,0.779,0.977,99.068,23.68,-31.589527,116.783134
GYRO: 290200,1,0.021,1.418,-0.006
290524,1,0.999,0.977,99.070,23.71,-31.589527,116.783134
GYRO: 290601,1,-0.590,-0.566,-0.097
290925,1,0.998,0.978,99.066,23.70,-31.589527,116.783134
GYRO: 291009,1,0.066,0.808,-0.173
291327,1,0.818,0.981,99.069,23.72,-31.589527,116.783134
GYRO: 291404,1,-0.361,0.624,-0.097
291730,1,1.136,0.980,99.064,23.72,-31.589527,116.783134
GYRO: 291806,1,-0.117,-0.108,0.101
292131,1,0.989,0.979,99.066,23.70,-31.589521,116.783142
GYRO: 292208,1,0.250,-0.185,0.346
292532,1,1.034,0.982,99.066,23.72,-31.589521,116.783142
GYRO: 292609,1,0.860,-0.444,0.086
292935,1,1.074,0.980,99.063,23.73,-31.589518,116.783150
GYRO: 293011,1,-0.957,-1.208,0.071
293337,1,1.012,0.977,99.066,23.75,-31.589518,116.783150
GYRO: 293413,1,-0.941,-0.063,-0.036
293738,1,0.964,0.975,99.065,23.76,-31.589518,116.783150
GYRO: 293815,1,-0.773,-0.948,0.300
294140,1,1.403,1.000,99.064,23.77,-31.589516,116.783150
GYRO: 294217,1,-0.239,3.510,0.193
294542,1,1.154,0.968,99.065,23.78,-31.589516,116.783150
GYRO: 294622,1,-2.132,0.624,0.514
294943,1,1.141,0.972,99.067,23.80,-31.589508,116.783157
GYRO: 295020,1,0.692,-1.009,-0.006
295344,1,0.961,0.976,99.066,23.80,-31.589508,116.783157
GYRO: 295428,1,0.066,1.311,-0.219
295745,1,1.009,0.993,99.067,23.81,-31.589508,116.783157
GYRO: 295822,1,2.005,0.121,0.101
296147,1,1.393,0.978,99.065,23.82,-31.589500,116.783165
GYRO: 296224,1,-0.239,-1.009,0.254
296548,1,1.172,0.977,99.065,23.83,-31.589500,116.783165
GYRO: 296625,1,-0.590,-1.589,0.117
296949,1,1.420,0.977,99.063,23.84,-31.589500,116.783165
GYRO: 297026,1,1.318,-0.566,-0.006
297351,1,1.347,0.975,99.065,23.84,-31.589500,116.783165
GYRO: 297428,1,-0.819,0.258,-0.250
297752,1,1.099,0.980,99.067,23.85,-31.589500,116.783165
GYRO: 297996,1,-0.086,-0.368,-0.235
298153,1,1.031,0.974,99.069,23.87,-31.589499,116.783165
GYRO: 298227,1,-0.254,-1.406,0.208
298555,1,1.275,0.977,99.067,23.86,-31.589499,116.783165
GYRO: 298629,1,-0.346,0.044,-0.158
298957,1,0.964,0.981,99.068,23.87,-31.589500,116.783165
GYRO: 299031,1,1.379,-0.399,0.040
299358,1,0.742,0.976,99.069,23.88,-31.589500,116.783165
GYRO: 299432,1,0.540,2.197,0.575
299759,1,1.006,0.981,99.068,23.88,-31.589500,116.783165
GYRO: 299850,1,0.585,-0.047,0.132
300161,1,1.079,0.975,99.068,23.87,-31.589504,116.783165
GYRO: 300235,1,-3.231,5.601,-0.754
300563,1,1.434,0.983,99.072,23.88,-31.589504,116.783165
GYRO: 300636,1,1.211,7.876,0.239
300965,1,0.838,0.978,99.068,23.90,-31.589512,116.783150
GYRO: 301038,1,-2.636,-0.185,-0.555
301366,1,0.882,0.980,99.067,23.91,-31.589512,116.783150
GYRO: 301439,1,1.792,-1.879,0.300
301767,1,1.049,0.980,99.065,23.91,-31.589512,116.783150
GYRO: 301840,1,0.952,1.739,0.269
302168,1,0.864,0.976,99.069,23.94,-31.589512,116.783150
GYRO: 302245,1,1.227,-0.399,-0.097
302569,1,0.716,0.978,99.070,23.94,-31.589512,116.783150
GYRO: 302643,1,0.982,0.029,-0.158
302970,1,1.100,0.980,99.066,23.95,-31.589512,116.783150
GYRO: 303043,1,2.112,0.044,0.315
303372,1,0.890,0.955,99.068,23.96,-31.589512,116.783150
GYRO: 303446,1,-1.979,3.128,-0.387
303774,1,0.716,0.981,99.069,23.97,-31.589512,116.783150
GYRO: 303847,1,-0.605,-1.253,0.162
304175,1,0.880,0.977,99.069,23.98,-31.589520,116.783150
GYRO: 304254,1,-0.483,0.930,-0.219
304576,1,1.044,0.977,99.065,23.97,-31.589520,116.783150
GYRO: 304649,1,-0.666,-0.750,-0.219
304978,1,0.993,0.979,99.068,23.98,-31.589516,116.783150
GYRO: 305051,1,0.112,0.487,-0.158
305380,1,1.060,0.978,99.065,23.97,-31.589516,116.783150
GYRO: 305454,1,0.173,-0.566,-0.051
305782,1,0.884,0.979,99.069,23.99,-31.589516,116.783150
GYRO: 305855,1,0.341,0.243,0.132
306183,1,0.872,0.978,99.065,24.00,-31.589520,116.783150
GYRO: 306256,1,0.631,1.831,0.101
306585,1,0.745,0.977,99.069,24.01,-31.589520,116.783150
GYRO: 306665,1,0.433,-0.154,-0.067
306985,1,0.900,0.982,99.068,24.01,-31.589520,116.783150
GYRO: 307058,1,0.601,0.227,0.346
307387,1,1.016,0.980,99.068,24.01,-31.589520,116.783150
GYRO: 307460,1,1.120,-0.399,0.132
307789,1,1.142,0.978,99.067,24.01,-31.589520,116.783150
GYRO: 307862,1,-0.193,-0.887,-0.021
308189,1,1.029,0.977,99.065,24.02,-31.589518,116.783150
GYRO: 308262,1,-0.208,0.609,-0.204
308591,1,1.144,0.977,99.065,24.01,-31.589518,116.783150
GYRO: 308665,1,-0.040,1.601,0.025
308993,1,1.070,0.977,99.066,24.01,-31.589512,116.783150
GYRO: 309067,1,0.173,-1.559,0.285
309396,1,1.191,0.978,99.065,24.02,-31.589512,116.783150
GYRO: 309469,1,0.173,0.594,-0.296
309797,1,0.939,0.977,99.065,24.01,-31.589512,116.783150
GYRO: 309871,1,0.036,0.838,0.193
310199,1,1.044,0.983,99.066,24.02,-31.589510,116.783142
GYRO: 310273,1,-0.728,1.617,-0.143
310600,1,1.004,0.977,99.065,24.03,-31.589510,116.783142
GYRO: 310673,1,-0.590,0.121,-0.067
311002,1,0.998,0.978,99.067,24.03,-31.589512,116.783150
GYRO: 311080,1,0.647,0.319,0.117
311404,1,0.987,0.973,99.067,24.03,-31.589512,116.783150
GYRO: 311478,1,0.647,-0.124,0.407
311806,1,1.149,0.977,99.062,24.03,-31.589512,116.783150
GYRO: 311880,1,0.784,-1.437,-0.341
312207,1,0.803,0.975,99.067,24.03,-31.589512,116.783150
GYRO: 312280,1,-7.033,6.060,5.949
312608,1,0.940,0.966,99.067,24.04,-31.589512,116.783150
GYRO: 312682,1,-0.422,1.357,0.239
313009,1,0.747,0.980,99.069,24.03,-31.589516,116.783142
GYRO: 313082,1,0.051,0.197,-0.112
313410,1,1.021,0.975,99.066,24.03,-31.589516,116.783142
GYRO: 313483,1,0.173,-0.536,0.132
313812,1,1.015,0.976,99.067,24.03,-31.589516,116.783142
GYRO: 313886,1,-0.560,-0.124,0.178
314214,1,1.167,0.977,99.065,24.04,-31.589516,116.783142
GYRO: 314288,1,-1.018,0.289,0.575
314615,1,1.116,0.979,99.067,24.04,-31.589516,116.783142
GYRO: 314689,1,0.189,-1.299,0.162
315017,1,0.988,0.975,99.065,24.03,-31.589516,116.783142
GYRO: 315091,1,0.753,2.289,-0.219
315419,1,0.701,0.975,99.070,24.05,-31.589516,116.783142
GYRO: 315497,1,0.921,-0.154,0.086
315820,1,0.992,0.978,99.067,24.04,-31.589516,116.783142
GYRO: 315894,1,-0.895,-3.803,0.223
316221,1,0.835,0.982,99.064,24.03,-31.589518,116.783142
GYRO: 316295,1,1.074,4.105,-0.311
316623,1,1.026,0.977,99.069,24.04,-31.589518,116.783142
GYRO: 316697,1,-2.254,-1.147,0.254
317024,1,1.146,0.982,99.067,24.02,-31.589518,116.783142
GYRO: 317098,1,6.326,0.945,-2.799
317425,1,1.300,0.980,99.068,24.02,-31.589518,116.783142
GYRO: 317498,1,-1.292,3.693,0.498
317826,1,0.881,0.976,99.068,24.03,-31.589518,116.783142
GYRO: 317900,1,1.837,-0.444,0.086
318227,1,0.865,0.975,99.068,24.02,-31.589518,116.783142
GYRO: 318301,1,1.013,1.556,-0.433
318629,1,0.920,0.978,99.068,24.03,-31.589518,116.783142
GYRO: 318703,1,-1.491,-3.208,0.223
319030,1,0.814,0.976,99.070,24.02,-31.589516,116.783134
GYRO: 319109,1,0.570,0.655,0.147
319432,1,1.034,0.975,99.066,24.01,-31.589516,116.783134
GYRO: 319505,1,0.326,2.701,-0.418
319834,1,1.018,0.979,99.067,24.02,-31.589516,116.783134
GYRO: 319912,1,-0.789,0.945,0.101
320236,1,1.150,0.977,99.065,24.02,-31.589518,116.783134
GYRO: 320310,1,1.456,0.273,0.010
320637,1,2.275,0.975,99.065,24.02,-31.589518,116.783134
GYRO: 320711,1,-0.056,-1.879,-0.006
321038,1,1.497,0.976,99.062,24.02,-31.589514,116.783134
GYRO: 321112,1,-0.071,1.113,-0.265
321439,1,1.458,0.979,99.061,24.03,-31.589514,116.783134
GYRO: 321512,1,-0.468,-0.643,0.025
321841,1,2.023,0.975,99.057,24.03,-31.589514,116.783134
GYRO: 321914,1,0.677,5.403,1.994
322243,1,2.152,0.996,99.058,24.03,-31.589512,116.783134
GYRO: 322317,1,0.662,9.159,0.040
322645,1,1.893,0.968,99.061,24.03,-31.589512,116.783134
GYRO: 322719,1,-2.544,1.876,-1.746
323046,1,1.541,0.975,99.062,24.03,-31.589516,116.783127
GYRO: 323120,1,0.647,2.380,-0.967
323448,1,1.554,0.982,99.063,24.05,-31.589516,116.783127
GYRO: 323522,1,-1.002,0.136,-0.326
323850,1,1.422,0.978,99.064,24.05,-31.589516,116.783127
GYRO: 323923,1,-0.163,2.121,0.117
324251,1,1.601,0.975,99.064,24.05,-31.589516,116.783134
GYRO: 324333,1,0.601,0.197,0.040
324652,1,1.682,0.973,99.065,24.07,-31.589516,116.783134
GYRO: 324728,1,-1.033,0.273,1.842
325053,1,1.476,0.975,99.062,24.07,-31.589521,116.783127
GYRO: 325129,1,0.769,0.670,-0.219
325455,1,1.602,0.976,99.064,24.08,-31.589521,116.783127
GYRO: 325531,1,3.990,3.510,0.895
325857,1,1.699,0.979,99.060,24.07,-31.589521,116.783127
GYRO: 325933,1,-0.529,-6.276,0.880
326258,1,1.726,0.981,99.062,24.08,-31.589521,116.783127
GYRO: 326334,1,0.295,0.685,-0.036
326659,1,1.628,0.979,99.063,24.09,-31.589521,116.783127
GYRO: 326743,1,4.906,0.487,-0.586
327061,1,1.528,0.977,99.064,24.10,-31.589520,116.783127
GYRO: 327137,1,-0.789,-0.200,0.223
