17110,1,0.139,0.956,100.734,31.27,0.000000,0.000000
GYRO: 18111,1,4.561,3.574,-4.028
23557,1,0.377,1.002,100.732,31.12,0.000000,0.000000
GYRO: 23674,1,-15.928,11.574,9.224
29120,1,0.662,0.962,100.730,31.13,0.000000,0.000000
GYRO: 29237,1,57.324,39.773,-21.387
34683,1,1.117,0.956,100.727,31.17,0.000000,0.000000
GYRO: 34799,1,7.294,1.910,-3.280
40246,1,-0.346,0.900,100.738,31.20,0.000000,0.000000
GYRO: 40363,1,-38.859,122.964,22.125
45809,1,0.330,0.986,100.732,31.19,0.000000,0.000000
GYRO: 45926,1,1.630,-0.578,-5.433
51376,1,1.561,0.955,100.723,31.25,0.000000,0.000000
GYRO: 51493,1,5.477,5.544,-0.654
56940,1,0.691,0.962,100.730,31.20,0.000000,0.000000
GYRO: 57057,1,2.454,-6.563,-3.906
62503,1,0.654,0.968,100.730,31.23,0.000000,0.000000
GYRO: 62622,1,-1.027,5.055,14.155
68072,1,0.762,1.246,100.729,31.29,0.000000,0.000000
GYRO: 68189,1,10.515,14.185,-23.158
73635,1,0.922,0.946,100.728,31.18,0.000000,0.000000
GYRO: 73752,1,6.866,1.788,-4.807
79198,1,-0.314,0.979,100.738,31.16,0.000000,0.000000
GYRO: 79321,1,4.256,7.009,-5.982
84768,1,0.084,0.965,100.735,31.07,0.000000,0.000000
GYRO: 84884,1,0.408,3.590,-4.898
90331,1,-0.055,0.969,100.736,31.01,0.000000,0.000000
GYRO: 90448,1,7.340,1.956,-1.952
95895,1,0.215,0.918,100.734,31.00,0.000000,0.000000
GYRO: 96011,1,124.485,-3.800,-35.677
