17110,1,0.426,0.990,100.735,30.50,0.000000,0.000000
GYRO: 17392,1,1.424,-0.667,-2.142
22836,1,0.072,0.967,100.738,30.67,0.000000,0.000000
GYRO: 22951,1,-0.667,0.936,0.408
28396,1,0.740,1.020,100.733,30.79,0.000000,0.000000
GYRO: 28511,1,-2.667,7.791,7.706
33956,1,0.707,0.982,100.733,30.87,0.000000,0.000000
GYRO: 34071,1,0.279,-4.316,-1.195
39515,1,0.832,0.974,100.732,30.95,0.000000,0.000000
GYRO: 39630,1,-2.453,-1.156,-7.027
45075,1,0.572,0.989,100.734,31.08,0.000000,0.000000
GYRO: 45190,1,-2.759,1.257,-0.554
50639,1,0.068,0.980,100.738,31.17,0.000000,0.000000
GYRO: 50754,1,7.745,-0.911,5.675
