12904,1,-0.369,1.055,98.994,34.79,0.000000,0.000000
GYRO: 13312,1,7.030,-1.506,-2.153
13326,1,-0.199,1.072,98.993,34.78,0.000000,0.000000
GYRO: 13441,1,-7.917,-1.124,-11.771
13727,1,-0.168,1.063,98.994,34.77,0.000000,0.000000
GYRO: 13795,1,-5.947,4.800,0.916
14128,1,-0.040,1.045,98.991,34.76,0.000000,0.000000
GYRO: 14203,1,-1.596,2.021,8.122
14529,1,-0.127,1.059,98.993,34.76,0.000000,0.000000
GYRO: 14598,1,-0.879,-2.208,-0.214
14930,1,-0.051,1.053,98.992,34.75,0.000000,0.000000
GYRO: 14998,1,-2.955,-1.887,-1.847
15332,1,-0.106,1.034,98.994,34.75,0.000000,0.000000
GYRO: 15401,1,6.862,-1.063,-0.901
15734,1,-0.209,1.046,98.991,34.73,0.000000,0.000000
GYRO: 15803,1,-0.421,-3.475,4.962
16136,1,0.030,1.040,98.996,34.73,0.000000,0.000000
GYRO: 16204,1,-1.459,-0.865,5.756
16538,1,-0.401,1.054,98.996,34.72,0.000000,0.000000
GYRO: 16607,1,-2.879,-1.353,-0.809
16939,1,-0.368,1.051,98.994,34.72,0.000000,0.000000
GYRO: 17008,1,-5.902,-0.025,0.931
17340,1,-0.281,1.053,98.996,34.71,0.000000,0.000000
GYRO: 17409,1,-5.398,-1.964,1.573
17741,1,-0.540,1.024,98.997,34.71,0.000000,0.000000
GYRO: 17810,1,0.083,2.998,4.458
18142,1,-0.563,1.037,98.995,34.71,0.000000,0.000000
GYRO: 18210,1,8.358,3.929,-4.931
18544,1,-0.410,1.042,98.997,34.70,0.000000,0.000000
GYRO: 18613,1,-12.787,-5.597,-7.908
18945,1,-0.159,1.057,98.991,34.69,0.000000,0.000000
GYRO: 19014,1,-9.306,-16.697,-4.565
19346,1,0.041,1.050,98.993,34.68,0.000000,0.000000
GYRO: 19413,1,4.175,2.021,7.054
19748,1,-0.169,1.040,98.992,34.67,0.000000,0.000000
GYRO: 19821,1,2.190,-0.407,-0.198
20149,1,-0.180,1.070,98.993,34.67,0.000000,0.000000
GYRO: 20218,1,5.747,1.196,-5.786
20550,1,-0.089,1.056,98.996,34.66,0.000000,0.000000
GYRO: 20619,1,0.358,-0.758,-3.481
20951,1,-0.158,1.054,98.994,34.66,0.000000,0.000000
GYRO: 21019,1,13.793,4.051,-3.740
21353,1,-0.183,1.038,98.992,34.65,0.000000,0.000000
GYRO: 21421,1,-16.008,2.418,2.748
21754,1,-0.086,1.061,98.994,34.65,0.000000,0.000000
GYRO: 21823,1,8.114,-5.109,-8.855
22156,1,-0.263,1.022,98.991,34.64,0.000000,0.000000
GYRO: 22231,1,2.159,6.662,-3.328
22557,1,-0.068,1.038,98.990,34.62,0.000000,0.000000
GYRO: 22626,1,-15.306,0.800,2.122
22958,1,0.184,1.044,98.989,34.62,0.000000,0.000000
GYRO: 23026,1,38.526,-2.300,-0.229
23359,1,0.149,1.085,98.990,34.62,0.000000,0.000000
GYRO: 23427,1,-14.680,-6.254,3.405
23761,1,0.084,0.985,98.991,34.60,0.000000,0.000000
GYRO: 23832,1,6.480,-2.865,3.802
24162,1,0.137,1.048,98.991,34.60,0.000000,0.000000
GYRO: 24233,1,4.388,2.861,7.054
24564,1,0.095,1.049,98.994,34.59,0.000000,0.000000
GYRO: 24641,1,1.030,0.235,5.527
24965,1,0.188,1.028,98.989,34.58,0.000000,0.000000
GYRO: 25035,1,3.747,2.662,-9.511
25366,1,0.190,1.039,98.988,34.58,0.000000,0.000000
GYRO: 25437,1,-2.695,3.960,3.680
25767,1,0.002,1.047,98.990,34.57,0.000000,0.000000
GYRO: 25837,1,1.747,0.097,6.641
26168,1,0.019,1.039,98.986,34.56,0.000000,0.000000
GYRO: 26239,1,-1.245,-1.887,-7.191
26569,1,-0.029,1.044,98.992,34.56,0.000000,0.000000
GYRO: 26644,1,-5.657,5.090,-0.320
26971,1,0.010,1.022,98.993,34.56,0.000000,0.000000
GYRO: 27048,1,-2.360,-4.223,-4.733
27373,1,0.012,1.038,98.993,34.54,0.000000,0.000000
GYRO: 27444,1,1.137,-4.346,-7.527
27774,1,0.045,1.037,98.992,34.55,0.000000,0.000000
GYRO: 27844,1,-13.108,4.143,-0.885
28175,1,-0.195,1.031,98.992,34.54,0.000000,0.000000
GYRO: 28246,1,2.770,-2.681,-3.649
28576,1,-0.084,1.037,98.993,34.53,0.000000,0.000000
GYRO: 28647,1,-8.909,4.158,2.244
28978,1,-0.225,1.027,98.995,34.53,0.000000,0.000000
GYRO: 29050,1,7.778,0.051,1.618
29379,1,-0.289,1.055,98.994,34.52,0.000000,0.000000
GYRO: 29450,1,3.350,-1.078,2.672
29780,1,-0.420,1.062,98.992,34.51,0.000000,0.000000
GYRO: 29852,1,3.396,0.662,-4.702
30182,1,-0.121,1.060,98.990,34.51,0.000000,0.000000
GYRO: 30254,1,-7.337,10.006,6.336
30583,1,-0.171,1.031,98.992,34.50,0.000000,0.000000
GYRO: 30655,1,8.114,5.746,8.534
30984,1,-0.166,1.046,98.993,34.50,0.000000,0.000000
GYRO: 31055,1,13.900,-7.735,13.221
31386,1,-0.082,1.046,98.993,34.49,0.000000,0.000000
GYRO: 31458,1,0.923,1.670,10.000
31787,1,-0.174,1.049,98.995,34.48,0.000000,0.000000
GYRO: 31858,1,-1.474,-4.773,-1.878
32189,1,-0.323,1.040,98.992,34.47,0.000000,0.000000
GYRO: 32261,1,4.679,-3.017,3.634
32590,1,-0.377,1.040,98.991,34.47,0.000000,0.000000
GYRO: 32662,1,-15.673,7.807,9.099
32992,1,-0.225,1.051,98.993,34.47,0.000000,0.000000
GYRO: 33064,1,6.694,-16.391,-8.748
33393,1,-0.200,1.046,98.991,34.45,0.000000,0.000000
GYRO: 33464,1,-7.810,-0.819,-6.534
33794,1,-0.109,1.034,98.990,34.45,0.000000,0.000000
GYRO: 33866,1,4.297,0.342,0.794
34195,1,0.034,1.042,98.995,34.45,0.000000,0.000000
GYRO: 34265,1,8.312,-0.239,7.115
34597,1,-0.139,1.039,98.991,34.44,0.000000,0.000000
GYRO: 34668,1,6.419,0.815,1.710
34999,1,-0.172,1.036,98.996,34.44,0.000000,0.000000
GYRO: 35071,1,4.098,-0.636,1.450
35401,1,-0.155,1.039,98.996,34.44,0.000000,0.000000
GYRO: 35473,1,-0.711,-2.865,2.321
35803,1,-0.178,1.048,98.995,34.43,0.000000,0.000000
GYRO: 35874,1,-11.031,-3.124,-0.275
36205,1,-0.320,1.022,98.992,34.43,0.000000,0.000000
GYRO: 36284,1,-3.215,-3.109,-10.611
36606,1,-0.195,1.023,98.994,34.43,0.000000,0.000000
GYRO: 36677,1,11.137,1.670,0.031
37008,1,-0.233,1.059,98.992,34.42,0.000000,0.000000
GYRO: 37080,1,-34.466,-7.750,4.305
37409,1,-0.006,1.037,98.993,34.41,0.000000,0.000000
GYRO: 37480,1,-13.825,-9.720,-1.389
37810,1,-0.234,1.017,98.993,34.41,0.000000,0.000000
