19131,1,-0.281,0.931,99.530,39.76,-28.132233,149.696945
GYRO: 19693,1,0.083,0.813,0.248
19709,1,-0.039,1.700,99.528,39.76,-28.132229,149.696945
GYRO: 19739,1,-3.031,-0.592,1.714
20209,1,-0.358,0.920,99.530,39.77,-28.132229,149.696945
GYRO: 20233,1,0.434,0.096,-0.408
20710,1,-0.371,1.372,99.530,39.76,-28.132223,149.696945
GYRO: 20735,1,0.236,0.508,1.088
21211,1,-0.496,0.933,99.532,39.76,-28.132223,149.696945
GYRO: 21235,1,0.618,4.737,-0.133
21713,1,-0.291,1.398,99.529,39.76,-28.132229,149.696945
GYRO: 21737,1,0.755,-1.355,0.477
22215,1,-0.115,0.933,99.529,39.75,-28.132229,149.696945
GYRO: 22240,1,0.114,-2.454,-1.400
22716,1,-0.140,1.444,99.528,39.76,-28.132223,149.696945
GYRO: 22741,1,16.618,-4.530,-0.561
23217,1,0.987,0.922,99.526,39.75,-28.132223,149.696945
GYRO: 23241,1,9.335,-6.882,-0.744
23718,1,-0.293,1.439,99.531,39.76,-28.132227,149.696945
GYRO: 23742,1,1.824,-0.927,-0.545
24220,1,-0.439,0.922,99.530,39.75,-28.132227,149.696945
GYRO: 24245,1,-0.695,0.981,0.905
24721,1,-0.207,1.443,99.530,39.75,-28.132236,149.696945
GYRO: 24750,1,-2.039,-20.179,0.081
25222,1,0.059,0.884,99.517,39.75,-28.132236,149.696945
GYRO: 25246,1,7.518,-31.095,-2.271
25723,1,0.422,1.500,99.529,39.74,-28.132246,149.696930
GYRO: 25747,1,0.389,-1.172,-1.355
26224,1,-0.274,0.952,99.530,39.74,-28.132246,149.696930
GYRO: 26249,1,-0.802,-3.248,0.004
26726,1,-0.181,1.556,99.529,39.73,-28.132252,149.696930
GYRO: 26751,1,-10.069,-4.851,2.935
27227,1,-0.202,0.944,99.533,39.74,-28.132252,149.696930
GYRO: 27252,1,3.900,-3.217,-0.881
27728,1,0.113,1.461,99.527,39.71,-28.132250,149.696930
GYRO: 27752,1,-6.695,5.638,-0.286
28230,1,-0.047,0.932,99.530,39.71,-28.132250,149.696930
GYRO: 28255,1,0.954,-0.454,0.691
28732,1,-0.052,1.442,99.525,39.68,-28.132248,149.696930
GYRO: 28756,1,0.526,0.492,-0.454
29233,1,0.072,0.934,99.527,39.69,-28.132248,149.696930
GYRO: 29258,1,-0.054,-0.332,-0.026
29734,1,-0.219,1.396,99.529,39.69,-28.132252,149.696915
GYRO: 29759,1,0.618,1.454,-0.836
30236,1,-0.353,0.930,99.531,39.68,-28.132252,149.696915
GYRO: 30265,1,-1.153,-2.637,0.829
30738,1,-0.177,1.402,99.530,39.66,-28.132257,149.696915
GYRO: 30762,1,-0.619,0.935,-0.133
31240,1,-0.217,0.932,99.525,39.63,-28.132257,149.696915
GYRO: 31264,1,3.121,0.508,-0.210
31741,1,-0.505,1.500,99.530,39.65,-28.132269,149.696915
GYRO: 31766,1,0.511,-0.836,-0.347
32242,1,0.007,0.929,99.529,39.63,-28.132269,149.696915
GYRO: 32266,1,-3.688,-0.592,-0.194
32743,1,-0.279,1.476,99.531,39.62,-28.132273,149.696915
GYRO: 32768,1,-3.230,-0.500,0.371
33245,1,-0.233,0.930,99.533,39.61,-28.132273,149.696915
GYRO: 33269,1,0.938,-0.836,-0.561
33745,1,-0.644,1.481,99.534,39.59,-28.132280,149.696915
GYRO: 33769,1,-10.650,-0.821,0.081
34247,1,-0.454,0.925,99.533,39.58,-28.132280,149.696915
GYRO: 34272,1,-1.275,0.233,0.203
34749,1,-0.487,1.547,99.529,39.57,-28.132284,149.696915
GYRO: 34774,1,-2.100,-1.737,0.187
35250,1,-0.234,0.930,99.527,39.55,-28.132284,149.696915
GYRO: 35275,1,-1.749,-0.057,0.264
35751,1,-0.153,1.489,99.529,39.52,-28.132288,149.696915
GYRO: 35780,1,0.496,-5.233,-0.194
36252,1,-0.365,1.008,99.530,39.50,-28.132288,149.696915
GYRO: 36277,1,1.060,-0.698,0.203
36753,1,-0.496,1.629,99.531,39.48,-28.132284,149.696915
GYRO: 36778,1,5.137,-11.508,-0.057
37255,1,-0.311,0.936,99.531,39.47,-28.132284,149.696915
GYRO: 37282,1,6.938,-8.088,1.241
37757,1,-0.487,1.522,99.534,39.44,-28.132273,149.696915
GYRO: 37782,1,26.496,-0.714,-2.820
38258,1,-0.337,0.917,99.531,39.40,-28.132273,149.696915
GYRO: 38283,1,0.465,2.386,0.768
38759,1,-0.482,1.530,99.529,39.37,-28.132273,149.696915
GYRO: 38790,1,1.747,-1.523,0.172
39261,1,-0.669,0.932,99.531,39.30,-28.132273,149.696915
GYRO: 39286,1,1.488,-0.546,-0.240
39762,1,-0.616,1.607,99.528,39.17,-28.132277,149.696899
GYRO: 39787,1,1.717,-0.576,0.248
40263,1,-0.244,0.930,99.532,39.08,-28.132277,149.696899
GYRO: 40288,1,1.121,-1.141,0.218
