19096,1,-0.180,0.968,99.744,23.49,0.000000,0.000000
GYRO: 19236,1,-0.001,-0.477,0.113
19596,1,0.323,1.020,99.743,23.49,0.000000,0.000000
GYRO: 19619,1,-0.581,-6.584,-0.315
20097,1,0.147,0.966,99.741,23.50,0.000000,0.000000
GYRO: 20120,1,0.319,-1.012,-0.009
20598,1,0.258,0.992,99.740,23.49,0.000000,0.000000
GYRO: 20621,1,0.243,-3.699,0.174
21100,1,0.220,0.970,99.743,23.50,0.000000,0.000000
GYRO: 21123,1,-0.108,4.103,0.052
21601,1,0.319,0.989,99.742,23.51,0.000000,0.000000
GYRO: 21624,1,0.487,1.828,0.617
22102,1,0.155,0.976,99.744,23.51,0.000000,0.000000
GYRO: 22125,1,-0.948,3.080,0.418
22603,1,-0.137,0.995,99.744,23.51,0.000000,0.000000
GYRO: 22627,1,-0.322,-1.760,-0.009
23104,1,-0.021,0.965,99.745,23.52,0.000000,0.000000
GYRO: 23127,1,0.029,0.103,0.357
23605,1,0.081,1.004,99.743,23.52,0.000000,0.000000
GYRO: 23629,1,0.029,0.378,0.128
24106,1,-0.128,0.925,99.743,23.53,0.000000,0.000000
GYRO: 24130,1,-1.421,-6.508,-0.391
24608,1,0.281,0.994,99.741,23.52,0.000000,0.000000
GYRO: 24631,1,0.380,1.492,-0.162
25109,1,0.239,0.965,99.741,23.54,0.000000,0.000000
GYRO: 25132,1,-0.704,1.874,0.220
25610,1,0.132,0.995,99.741,23.55,0.000000,0.000000
GYRO: 25634,1,0.930,-10.798,0.403
26112,1,0.276,0.971,99.742,23.56,0.000000,0.000000
GYRO: 26135,1,-0.994,2.103,-0.971
26613,1,0.368,1.008,99.736,23.56,0.000000,0.000000
GYRO: 26637,1,-0.169,4.546,-0.162
27114,1,0.311,0.965,99.737,23.55,0.000000,0.000000
GYRO: 27137,1,-0.261,4.042,-0.055
27615,1,0.349,1.008,99.741,23.58,0.000000,0.000000
GYRO: 27639,1,0.014,5.385,0.281
28117,1,0.424,0.973,99.738,23.57,0.000000,0.000000
GYRO: 28140,1,-0.642,37.171,-0.208
