19120,1,-0.838,0.954,99.279,30.13,0.000000,0.000000
GYRO: 19167,1,0.071,-0.029,0.165
19620,1,-0.694,0.951,99.279,30.14,0.000000,0.000000
GYRO: 19645,1,-0.128,0.246,-0.293
20122,1,-0.938,0.950,99.281,30.12,0.000000,0.000000
GYRO: 20147,1,-0.082,-0.319,-0.049
20624,1,-0.915,0.948,99.278,30.12,0.000000,0.000000
GYRO: 20649,1,0.010,-0.334,-0.140
21126,1,-0.581,0.954,99.276,30.11,0.000000,0.000000
GYRO: 21150,1,-0.189,-0.304,-0.018
21627,1,-0.817,0.953,99.281,30.11,0.000000,0.000000
GYRO: 21652,1,-0.036,0.108,0.012
22129,1,-0.986,0.952,99.280,30.10,0.000000,0.000000
GYRO: 22153,1,0.040,0.292,0.119
22629,1,-0.833,0.951,99.276,30.10,0.000000,0.000000
GYRO: 22654,1,0.193,0.124,0.089
23130,1,-0.891,0.952,99.278,30.11,0.000000,0.000000
GYRO: 23155,1,0.514,-0.136,0.028
23632,1,-0.764,0.952,99.278,30.12,0.000000,0.000000
GYRO: 23657,1,0.071,-0.044,0.257
24133,1,-0.812,0.954,99.277,30.11,0.000000,0.000000
GYRO: 24158,1,0.300,-0.151,-0.064
24635,1,-1.273,0.949,99.281,30.12,0.000000,0.000000
GYRO: 24660,1,0.239,-0.059,0.012
25136,1,-1.156,0.947,99.278,30.12,0.000000,0.000000
GYRO: 25161,1,-0.265,0.292,0.104
25638,1,-0.714,0.954,99.277,30.12,0.000000,0.000000
GYRO: 25663,1,-0.265,-0.059,0.302
26141,1,-0.872,0.953,99.278,30.13,0.000000,0.000000
GYRO: 26166,1,0.361,-1.143,0.012
26643,1,-0.657,0.948,99.277,30.13,0.000000,0.000000
GYRO: 26668,1,-0.005,-0.075,0.089
27144,1,-0.607,0.948,99.280,30.14,0.000000,0.000000
GYRO: 27169,1,0.147,-0.166,-0.415
27645,1,-0.518,0.953,99.276,30.15,0.000000,0.000000
GYRO: 27676,1,0.285,0.124,0.226
28147,1,-0.493,0.949,99.274,30.15,0.000000,0.000000
GYRO: 28172,1,0.453,-0.014,0.119
28648,1,-0.403,0.952,99.277,30.15,0.000000,0.000000
GYRO: 28673,1,-0.158,-0.014,-0.034
29150,1,-0.462,0.951,99.272,30.17,0.000000,0.000000
GYRO: 29175,1,-0.280,-0.044,-0.324
29653,1,-0.434,0.953,99.276,30.17,0.000000,0.000000
GYRO: 29678,1,0.269,0.093,0.134
30155,1,-0.610,0.954,99.279,30.18,0.000000,0.000000
GYRO: 30180,1,0.376,0.307,0.379
30657,1,-0.503,0.951,99.277,30.18,0.000000,0.000000
GYRO: 30689,1,-0.158,-0.151,0.134
31159,1,-0.296,0.952,99.278,30.19,0.000000,0.000000
GYRO: 31184,1,-0.509,-0.121,0.089
31661,1,-0.402,0.949,99.275,30.20,0.000000,0.000000
GYRO: 31686,1,0.193,-0.014,0.028
32162,1,-0.521,0.952,99.275,30.21,0.000000,0.000000
GYRO: 32187,1,-0.173,0.063,-0.476
32663,1,-0.517,0.954,99.278,30.22,0.000000,0.000000
GYRO: 32688,1,-0.067,-0.014,-0.034
33166,1,-0.601,0.954,99.276,30.22,0.000000,0.000000
GYRO: 33191,1,-0.128,0.047,0.043
33667,1,-0.637,0.952,99.278,30.24,0.000000,0.000000
GYRO: 33697,1,-0.402,0.108,0.257
34169,1,-0.695,0.952,99.275,30.24,0.000000,0.000000
GYRO: 34194,1,0.025,0.246,0.058
34669,1,-0.572,0.953,99.279,30.26,0.000000,0.000000
GYRO: 34694,1,0.269,0.063,-0.232
35172,1,-0.572,0.952,99.275,30.26,0.000000,0.000000
GYRO: 35197,1,0.071,-0.029,0.058
35674,1,-0.664,0.955,99.280,30.29,0.000000,0.000000
GYRO: 35699,1,-0.189,-0.151,-0.018
36177,1,-0.824,0.950,99.281,30.30,0.000000,0.000000
GYRO: 36202,1,0.361,0.246,-0.400
36678,1,-0.790,0.952,99.278,30.30,0.000000,0.000000
GYRO: 36707,1,-0.280,-0.350,-0.110
37180,1,-0.804,0.952,99.276,30.30,0.000000,0.000000
GYRO: 37205,1,-0.051,0.154,-0.003
37682,1,-0.481,0.950,99.276,30.32,-28.132549,149.696823
GYRO: 37707,1,0.208,0.246,-0.049
38183,1,-0.394,0.952,99.276,30.34,-28.132549,149.696823
GYRO: 38208,1,0.162,0.047,0.348
38685,1,-0.689,0.952,99.278,30.35,-28.132549,149.696823
GYRO: 38710,1,-0.494,0.124,-0.049
39186,1,-0.571,0.949,99.278,30.36,-28.132551,149.696823
GYRO: 39212,1,0.254,-0.411,-0.400
39688,1,-0.597,0.951,99.278,30.36,-28.132551,149.696823
GYRO: 39713,1,0.269,0.108,-0.095
40190,1,-0.551,0.952,99.277,30.38,-28.132551,149.696823
GYRO: 40215,1,-0.051,0.047,0.196
40692,1,-0.668,0.952,99.279,30.38,-28.132551,149.696823
GYRO: 40717,1,0.208,0.154,0.119
41194,1,-0.835,0.950,99.281,30.39,-28.132557,149.696838
GYRO: 41219,1,0.361,-0.059,-0.034
41695,1,-0.762,0.950,99.279,30.40,-28.132557,149.696838
GYRO: 41721,1,0.727,0.215,-0.293
42196,1,-0.948,0.953,99.280,30.41,-28.132559,149.696823
GYRO: 42227,1,-0.128,0.368,-0.110
42698,1,-0.678,0.955,99.275,30.41,-28.132559,149.696823
GYRO: 42723,1,0.666,-0.563,-0.263
43199,1,-0.677,0.952,99.277,30.42,-28.132563,149.696823
GYRO: 43225,1,0.346,-0.136,0.211
43700,1,-0.992,0.951,99.280,30.43,-28.132563,149.696823
GYRO: 43726,1,0.178,-0.044,-0.553
44201,1,-0.986,0.957,99.277,30.42,-28.132565,149.696838
GYRO: 44226,1,0.269,-0.090,0.226
44702,1,-0.837,0.950,99.278,30.44,-28.132565,149.696838
GYRO: 44728,1,0.346,0.002,0.043
45203,1,-0.817,0.952,99.279,30.46,-28.132565,149.696823
GYRO: 45235,1,-0.280,0.215,0.012
45704,1,-0.928,0.952,99.280,30.48,-28.132565,149.696823
GYRO: 45730,1,0.147,-0.121,0.043
46205,1,-0.790,0.953,99.280,30.49,-28.132568,149.696823
GYRO: 46237,1,-0.051,0.170,-0.125
46706,1,-0.970,0.950,99.278,30.50,-28.132568,149.696823
GYRO: 46732,1,0.422,-0.090,-0.201
47208,1,-0.825,0.950,99.279,30.50,-28.132572,149.696823
GYRO: 47233,1,-0.158,0.368,-0.064
47709,1,-0.762,0.952,99.279,30.51,-28.132572,149.696823
GYRO: 47734,1,0.300,-0.166,0.577
48211,1,-0.920,0.952,99.281,30.51,-28.132584,149.696823
GYRO: 48236,1,-0.067,-0.059,0.196
48712,1,-0.874,0.949,99.279,30.53,-28.132584,149.696823
GYRO: 48737,1,0.147,-0.029,0.226
49213,1,-0.689,0.952,99.279,30.53,-28.132574,149.696823
GYRO: 49239,1,0.162,-0.197,-0.171
49714,1,-0.821,0.948,99.278,30.53,-28.132574,149.696823
GYRO: 49917,1,0.071,-0.044,-0.049
50216,1,-0.936,0.953,99.274,30.53,-28.132576,149.696823
GYRO: 50479,1,0.040,0.047,-0.079
50718,1,-1.018,0.953,99.280,30.54,-28.132576,149.696823
GYRO: 50747,1,0.040,0.383,0.348
51219,1,-0.832,0.954,99.278,30.55,-28.132591,149.696823
GYRO: 51244,1,-0.128,-0.044,0.165
51721,1,-0.684,0.941,99.278,30.55,-28.132591,149.696823
GYRO: 51746,1,-17.670,8.429,-113.774
52223,1,-0.752,0.990,99.283,30.57,-28.132622,149.696823
GYRO: 52248,1,0.056,0.078,-0.034
52725,1,-0.529,0.951,99.271,30.57,-28.132622,149.696823
GYRO: 52750,1,0.193,0.139,0.134
53227,1,-0.348,0.947,99.275,30.58,-28.132612,149.696823
GYRO: 53252,1,0.193,-0.075,0.104
53728,1,-0.627,0.950,99.281,30.59,-28.132612,149.696823
GYRO: 53753,1,0.178,-0.243,-0.079
54229,1,-0.030,0.950,99.272,30.60,-28.132616,149.696823
GYRO: 54254,1,0.376,-0.075,-0.461
54730,1,-0.157,0.954,99.270,30.60,-28.132616,149.696823
GYRO: 54755,1,0.056,-0.059,0.073
55232,1,0.078,0.949,99.273,30.62,-28.132616,149.696823
GYRO: 55257,1,0.361,0.032,-0.186
55733,1,0.004,0.947,99.272,30.62,-28.132616,149.696823
GYRO: 55758,1,0.056,-0.075,0.257
56235,1,-0.254,0.952,99.278,30.64,-28.132601,149.696823
GYRO: 56264,1,0.346,-0.044,-0.003
56738,1,-0.601,0.947,99.281,30.63,-28.132601,149.696823
GYRO: 56763,1,0.193,-0.059,-0.308
57239,1,-0.624,0.950,99.277,30.65,-28.132595,149.696823
GYRO: 57264,1,0.208,-0.136,-0.003
57741,1,-0.645,0.953,99.282,30.66,-28.132595,149.696823
GYRO: 57766,1,0.346,-0.227,0.043
58242,1,-0.514,0.951,99.278,30.67,-28.132591,149.696823
GYRO: 58267,1,0.117,0.093,0.119
58744,1,-0.637,0.950,99.274,30.67,-28.132591,149.696823
GYRO: 58769,1,-0.097,-0.105,-0.278
59246,1,-0.680,0.951,99.277,30.66,-28.132587,149.696823
GYRO: 59277,1,0.086,0.002,-0.003
59747,1,-0.883,0.945,99.274,30.66,-28.132587,149.696823
GYRO: 59773,1,-0.051,-0.288,0.073
60248,1,-0.286,0.948,99.277,30.66,-28.132616,149.696793
GYRO: 60273,1,0.208,-0.380,-0.308
60750,1,-0.733,0.956,99.276,30.66,-28.132616,149.696793
GYRO: 60775,1,-0.036,-0.273,0.073
61252,1,-0.544,0.948,99.276,30.66,-28.132599,149.696823
GYRO: 61277,1,0.269,-0.258,-0.034
61754,1,-0.277,0.951,99.275,30.65,-28.132599,149.696823
GYRO: 61789,1,0.224,0.002,-0.018
62256,1,-0.198,0.949,99.273,30.66,-28.132566,149.696823
GYRO: 62280,1,0.010,-0.227,-0.400
62757,1,-0.291,0.949,99.275,30.65,-28.132566,149.696823
GYRO: 62782,1,-0.097,0.261,-0.003
63258,1,-0.664,0.947,99.279,30.65,-28.132580,149.696823
GYRO: 63283,1,-0.143,-0.105,-0.064
63759,1,-0.637,0.949,99.279,30.65,-28.132580,149.696823
GYRO: 63784,1,-0.067,-0.136,0.287
64261,1,-0.603,0.948,99.277,30.65,-28.132572,149.696838
GYRO: 64286,1,0.071,0.200,-0.018
64762,1,-0.398,0.948,99.274,30.66,-28.132572,149.696838
GYRO: 64792,1,0.132,0.124,0.165
65263,1,-0.215,0.948,99.276,30.65,-28.132547,149.696838
GYRO: 65287,1,-0.754,-0.166,0.318
65764,1,-0.588,0.952,99.281,30.66,-28.132547,149.696838
GYRO: 65789,1,0.437,0.032,0.470
66266,1,-0.620,0.948,99.274,30.67,-28.132542,149.696838
GYRO: 66291,1,0.193,-0.166,-0.079
66767,1,-0.482,0.946,99.279,30.67,-28.132542,149.696838
GYRO: 66792,1,-0.570,0.002,-0.034
67269,1,-0.508,0.951,99.278,30.68,-28.132530,149.696838
GYRO: 67294,1,-0.067,0.414,0.150
