19111,1,0.016,0.942,99.710,21.50,0.000000,0.000000
GYRO: 19844,1,-0.395,-113.391,1.161
19908,1,0.104,0.944,99.709,21.50,0.000000,0.000000
GYRO: 19936,1,-1.509,-41.651,0.275
20408,1,-0.039,0.944,99.713,21.51,0.000000,0.000000
GYRO: 20431,1,-1.311,51.433,-0.915
20909,1,-0.129,0.916,99.711,21.50,0.000000,0.000000
GYRO: 20932,1,-0.257,-23.681,-0.778
21410,1,-0.017,0.968,99.710,21.50,0.000000,0.000000
GYRO: 21433,1,-0.043,-27.635,0.413
21911,1,-0.112,0.967,99.713,21.52,0.000000,0.000000
GYRO: 21935,1,-0.456,58.884,-0.457
22413,1,-0.121,0.955,99.713,21.52,0.000000,0.000000
GYRO: 22436,1,-0.166,37.662,-0.030
22914,1,-0.295,0.958,99.714,21.52,0.000000,0.000000
GYRO: 22938,1,-0.013,-12.628,-0.030
23416,1,-0.300,0.959,99.713,21.52,0.000000,0.000000
GYRO: 23440,1,0.262,-24.414,0.413
23918,1,-0.015,0.962,99.707,21.50,0.000000,0.000000
GYRO: 23941,1,0.460,22.319,-0.213
24419,1,-0.007,0.968,99.712,21.52,0.000000,0.000000
GYRO: 24443,1,0.216,6.655,0.306
24921,1,-0.179,0.992,99.713,21.51,0.000000,0.000000
GYRO: 24949,1,-0.043,15.342,0.199
25422,1,-0.502,0.952,99.710,21.52,0.000000,0.000000
GYRO: 25446,1,-0.593,-38.017,0.184
25924,1,-0.563,0.964,99.714,21.52,0.000000,0.000000
GYRO: 25948,1,1.758,-89.834,0.856
26425,1,-0.483,0.965,99.711,21.52,0.000000,0.000000
GYRO: 26449,1,-3.860,-213.910,1.207
26927,1,-0.325,0.983,99.712,21.53,0.000000,0.000000
GYRO: 26950,1,12.079,-96.521,2.153
27428,1,-0.113,1.083,99.713,21.53,0.000000,0.000000
GYRO: 27451,1,-2.120,32.334,-0.366
27929,1,-0.343,1.116,99.710,21.52,0.000000,0.000000
GYRO: 27958,1,-1.158,8.243,0.260
28431,1,-0.274,1.048,99.713,21.54,0.000000,0.000000
GYRO: 28455,1,-0.425,-2.047,-0.076
28933,1,-0.103,1.023,99.710,21.55,0.000000,0.000000
GYRO: 28956,1,-0.562,3.159,-0.106
29434,1,-0.257,1.045,99.716,21.55,0.000000,0.000000
GYRO: 29458,1,-0.440,2.411,-0.351
29936,1,-0.131,1.048,99.710,21.56,0.000000,0.000000
GYRO: 29959,1,0.002,1.571,-0.060
30437,1,0.033,1.048,99.708,21.56,0.000000,0.000000
GYRO: 30461,1,0.033,1.189,0.107
30939,1,-0.098,1.048,99.711,21.57,0.000000,0.000000
GYRO: 30967,1,0.140,0.411,0.199
31441,1,-0.084,1.048,99.710,21.57,0.000000,0.000000
GYRO: 31465,1,0.613,2.258,-0.076
31943,1,-0.249,1.044,99.711,21.58,0.000000,0.000000
GYRO: 31966,1,-0.043,2.441,0.138
32444,1,-0.163,1.054,99.716,21.59,0.000000,0.000000
GYRO: 32468,1,-0.364,0.991,0.138
32945,1,-0.102,1.052,99.711,21.59,0.000000,0.000000
GYRO: 32971,1,2.628,13.678,0.352
