12915,1,0.320,0.992,99.082,24.48,0.000000,0.000000
GYRO: 13479,1,-1.118,-0.172,-0.693
13497,1,0.797,0.998,99.079,24.49,0.000000,0.000000
GYRO: 13613,1,-1.484,-0.279,-0.220
13896,1,0.456,0.995,99.080,24.49,0.000000,0.000000
GYRO: 13967,1,-5.835,-1.500,-0.311
14298,1,0.696,1.083,99.081,24.48,0.000000,0.000000
GYRO: 14368,1,-1.209,-0.126,0.086
14699,1,0.488,1.024,99.084,24.50,0.000000,0.000000
GYRO: 14769,1,10.485,1.248,2.055
15101,1,0.674,0.991,99.085,24.50,0.000000,0.000000
GYRO: 15171,1,-2.980,0.347,-0.220
15502,1,0.400,0.992,99.080,24.50,0.000000,0.000000
GYRO: 15572,1,-10.858,-1.347,-0.449
15904,1,0.288,0.985,99.082,24.50,0.000000,0.000000
GYRO: 15974,1,13.875,1.156,0.498
16306,1,0.356,0.974,99.085,24.51,0.000000,0.000000
GYRO: 16376,1,2.867,-0.080,-0.113
16707,1,1.025,1.000,99.082,24.52,0.000000,0.000000
GYRO: 16778,1,22.241,0.637,1.841
17108,1,0.442,1.014,99.080,24.51,0.000000,0.000000
GYRO: 17178,1,21.829,-0.263,1.353
17510,1,0.385,1.047,99.082,24.52,0.000000,0.000000
GYRO: 17580,1,1.768,-0.187,0.101
17911,1,0.532,0.992,99.082,24.53,0.000000,0.000000
GYRO: 17981,1,9.279,-0.172,0.437
18313,1,0.681,0.992,99.081,24.54,0.000000,0.000000
GYRO: 18383,1,-26.354,1.126,-1.914
18715,1,0.422,1.022,99.081,24.54,0.000000,0.000000
GYRO: 18785,1,5.981,-0.950,0.925
19116,1,0.376,0.990,99.081,24.55,0.000000,0.000000
GYRO: 19186,1,7.386,-0.248,1.078
19518,1,0.145,0.991,99.085,24.54,0.000000,0.000000
GYRO: 19588,1,7.707,0.057,0.254
19920,1,0.661,0.984,99.084,24.56,0.000000,0.000000
GYRO: 19990,1,-7.377,0.118,0.009
20322,1,0.263,0.993,99.085,24.56,0.000000,0.000000
GYRO: 20393,1,21.310,-0.309,1.475
20724,1,0.305,0.995,99.080,24.55,0.000000,0.000000
GYRO: 20795,1,-16.599,0.363,-1.227
21127,1,0.210,0.991,99.084,24.56,-31.589720,116.783096
GYRO: 21201,1,-8.919,0.240,-0.464
21528,1,0.103,1.004,99.083,24.56,-31.589720,116.783096
GYRO: 21603,1,7.325,-0.187,2.758
21929,1,0.410,0.988,99.081,24.55,-31.589737,116.783089
GYRO: 22004,1,-7.057,0.042,-0.708
22332,1,0.021,0.999,99.082,24.55,-31.589737,116.783089
GYRO: 22413,1,29.966,-0.783,1.704
22732,1,0.429,0.995,99.084,24.55,-31.589737,116.783089
GYRO: 22806,1,8.882,-0.034,0.742
23134,1,0.945,1.006,99.079,24.55,-31.589716,116.783089
GYRO: 23209,1,9.859,0.714,0.819
23535,1,0.532,0.996,99.080,24.56,-31.589716,116.783089
GYRO: 23721,1,22.943,-0.187,1.719
23937,1,0.340,1.007,99.079,24.56,-31.589716,116.783089
GYRO: 24009,1,8.943,0.164,0.788
24338,1,0.437,0.989,99.081,24.56,-31.589716,116.783089
GYRO: 24410,1,15.386,-0.324,1.368
24739,1,0.520,0.993,99.084,24.56,-31.589716,116.783089
GYRO: 24815,1,-5.988,0.149,-0.388
25141,1,0.555,0.992,99.079,24.56,-31.589716,116.783089
GYRO: 25213,1,9.310,-0.263,0.590
25542,1,0.469,0.995,99.083,24.56,-31.589716,116.783089
GYRO: 25614,1,-0.507,-0.553,-0.281
25943,1,0.522,1.002,99.078,24.57,-31.589716,116.783089
GYRO: 26015,1,4.485,0.592,0.544
26345,1,0.351,0.987,99.081,24.57,-31.589716,116.783089
GYRO: 26416,1,-9.469,0.011,-0.647
26746,1,0.525,0.992,99.084,24.58,-31.589716,116.783089
GYRO: 26817,1,-0.064,-0.080,0.132
27147,1,0.239,0.992,99.083,24.57,-31.589716,116.783089
GYRO: 27219,1,1.233,-0.187,1.277
27548,1,0.294,0.994,99.083,24.58,-31.589716,116.783089
GYRO: 27620,1,2.088,-3.073,4.910
27949,1,0.414,1.006,99.080,24.58,-31.589603,116.782898
GYRO: 28021,1,25.203,0.088,1.948
28350,1,0.524,0.990,99.082,24.59,-31.589603,116.782898
GYRO: 28422,1,-9.194,-0.157,-0.052
28751,1,0.544,0.989,99.082,24.59,-31.589603,116.782898
GYRO: 28822,1,-3.179,-0.248,-0.128
29153,1,0.267,0.992,99.080,24.60,-31.589621,116.782890
GYRO: 29229,1,33.905,0.515,2.376
29555,1,0.167,0.998,99.083,24.61,-31.589621,116.782890
GYRO: 29626,1,-8.919,-1.286,-1.075
29956,1,0.444,1.000,99.081,24.61,-31.589603,116.782898
GYRO: 30028,1,0.806,0.027,0.345
30358,1,0.381,1.057,99.081,24.62,-31.589603,116.782898
GYRO: 30429,1,-10.843,1.050,-0.555
30758,1,0.397,0.990,99.079,24.62,-31.589603,116.782898
GYRO: 30829,1,0.806,-0.233,-0.113
31160,1,0.541,0.987,99.079,24.61,-31.589602,116.782944
GYRO: 31232,1,18.607,-0.691,2.025
31561,1,0.487,1.005,99.082,24.62,-31.589602,116.782944
GYRO: 31638,1,-3.118,1.721,-0.342
31962,1,0.332,0.985,99.084,24.62,-31.589605,116.782959
GYRO: 32034,1,-7.362,0.057,-0.235
32365,1,0.489,0.993,99.081,24.63,-31.589605,116.782959
GYRO: 32436,1,6.272,-0.080,0.132
32766,1,0.354,1.014,99.083,24.64,-31.589605,116.782959
GYRO: 32838,1,3.920,5.660,0.376
33168,1,0.274,0.976,99.085,24.64,-31.589588,116.782974
GYRO: 33240,1,-12.950,0.439,-0.311
33571,1,0.374,1.001,99.085,24.64,-31.589588,116.782974
GYRO: 33642,1,42.119,-0.279,2.116
33972,1,0.196,0.987,99.081,24.64,-31.589577,116.782990
GYRO: 34043,1,-6.324,0.057,-0.647
34374,1,0.348,0.992,99.080,24.65,-31.589577,116.782990
GYRO: 34446,1,15.997,0.378,0.849
34775,1,0.570,0.975,99.082,24.65,-31.589577,116.782990
GYRO: 34847,1,-54.950,-0.034,-2.708
35177,1,0.333,0.986,99.080,24.66,-31.589567,116.782990
GYRO: 35249,1,-40.522,7.767,-4.510
35579,1,0.320,0.947,99.084,24.67,-31.589567,116.782990
GYRO: 35651,1,1.172,-0.553,-0.326
35980,1,0.391,0.960,99.079,24.67,-31.589546,116.782997
GYRO: 36057,1,-40.049,-0.019,-2.418
36382,1,0.760,1.011,99.075,24.67,-31.589546,116.782997
GYRO: 36459,1,-50.309,0.653,-4.143
36782,1,0.701,0.967,99.080,24.68,-31.589546,116.782997
GYRO: 36854,1,-24.385,0.515,-2.113
37183,1,0.376,0.954,99.080,24.68,-31.589540,116.783005
GYRO: 37255,1,11.294,0.622,-0.311
37585,1,0.335,0.966,99.081,24.69,-31.589540,116.783005
GYRO: 37693,1,-13.698,0.347,-1.044
37985,1,0.564,0.982,99.078,24.69,-31.589537,116.782990
GYRO: 38057,1,-11.988,2.637,2.605
38387,1,0.319,1.008,99.082,24.70,-31.589537,116.782990
GYRO: 38459,1,23.127,2.195,-10.403
38788,1,0.613,0.993,99.080,24.70,-31.589537,116.782990
GYRO: 38860,1,-10.354,-1.210,-2.052
39190,1,0.589,0.963,99.078,24.69,-31.589548,116.782967
GYRO: 39262,1,16.088,-0.584,1.124
39592,1,0.651,1.030,99.080,24.72,-31.589548,116.782967
GYRO: 39664,1,-44.232,0.561,-2.220
39994,1,1.387,1.012,99.078,24.71,-31.589544,116.782959
GYRO: 40065,1,-8.614,-0.615,-0.052
40394,1,0.616,1.010,99.081,24.72,-31.589544,116.782959
GYRO: 40472,1,-1.790,0.027,-0.021
40796,1,0.786,0.957,99.083,24.72,-31.589544,116.782959
GYRO: 40868,1,-0.385,-4.828,1.628
41199,1,0.783,0.962,99.079,24.72,-31.589537,116.782967
GYRO: 41270,1,-5.774,-1.607,-0.250
41601,1,0.665,0.960,99.081,24.73,-31.589537,116.782967
GYRO: 41673,1,-10.217,0.592,-0.769
42002,1,0.426,0.971,99.081,24.73,-31.589544,116.782974
GYRO: 42074,1,-35.988,-0.095,-2.388
42404,1,0.538,1.011,99.081,24.73,-31.589544,116.782974
GYRO: 42476,1,2.439,0.210,0.208
42805,1,0.213,0.981,99.083,24.73,-31.589544,116.782974
GYRO: 42881,1,15.478,-0.263,1.216
43206,1,0.327,1.004,99.086,24.73,-31.589558,116.782982
GYRO: 43278,1,-4.583,-0.050,-0.052
43608,1,0.549,0.998,99.081,24.74,-31.589558,116.782982
GYRO: 43679,1,56.165,0.668,4.987
44009,1,0.453,0.984,99.080,24.74,-31.589577,116.782990
GYRO: 44080,1,14.577,-0.645,1.750
44409,1,0.631,0.996,99.081,24.76,-31.589577,116.782990
GYRO: 44481,1,2.363,-0.080,0.193
44811,1,0.289,0.987,99.082,24.78,-31.589577,116.782990
GYRO: 44882,1,8.821,3.217,2.147
45212,1,0.576,1.015,99.080,24.76,-31.589592,116.782997
GYRO: 45283,1,-8.339,-18.538,-6.052
45614,1,0.403,0.998,99.084,24.77,-31.589592,116.782997
GYRO: 45686,1,4.928,-0.630,0.147
46015,1,0.067,1.003,99.082,24.77,-31.589626,116.783012
GYRO: 46087,1,37.691,-0.279,2.406
46416,1,0.436,1.051,99.080,24.77,-31.589626,116.783012
GYRO: 46488,1,50.699,-0.508,3.719
46817,1,1.088,0.988,99.078,24.77,-31.589626,116.783012
GYRO: 46889,1,49.554,-0.676,3.383
47218,1,1.076,1.002,99.073,24.77,-31.589628,116.783028
GYRO: 47294,1,-51.866,0.195,-2.769
47620,1,0.927,1.001,99.081,24.76,-31.589628,116.783028
GYRO: 47691,1,-38.675,0.821,-2.036
48021,1,0.841,0.978,99.075,24.76,-31.589672,116.783073
GYRO: 48092,1,-26.706,0.347,-1.273
48423,1,0.992,0.998,99.079,24.77,-31.589672,116.783073
GYRO: 48495,1,-16.400,-0.034,-1.013
48826,1,0.528,1.001,99.080,24.75,-31.589672,116.783073
GYRO: 48901,1,26.821,-0.492,1.536
49227,1,0.612,0.996,99.081,24.75,-31.589640,116.783081
GYRO: 49299,1,8.821,-0.126,0.284
49628,1,0.477,0.970,99.084,24.74,-31.589640,116.783081
GYRO: 49699,1,-1.744,-0.324,-0.052
