17445,1,-0.203,0.947,100.739,29.07,0.000000,0.000000
GYRO: 17887,1,0.856,-1.568,-5.125
23332,1,0.502,0.958,100.734,29.21,0.000000,0.000000
GYRO: 23447,1,-1.160,3.592,-5.614
28892,1,-0.611,0.950,100.741,29.36,0.000000,0.000000
GYRO: 29009,1,0.917,1.119,-2.163
34453,1,3331.648,0.000,77.531,28.88,0.000000,0.000000
GYRO: 34571,1,-0.030,0.905,-2.682
40016,1,3331.648,0.000,77.531,28.88,0.000000,0.000000
GYRO: 40133,1,-0.030,0.905,-2.682
45578,1,3331.648,0.000,77.531,28.88,0.000000,0.000000
GYRO: 45695,1,-0.030,0.905,-2.682
51144,1,3331.648,0.000,77.531,28.88,0.000000,0.000000
GYRO: 51261,1,-0.030,0.905,-2.682
56707,1,3331.648,0.000,77.531,28.88,0.000000,0.000000
GYRO: 56824,1,-0.030,0.905,-2.682
62269,1,3331.648,0.000,77.531,28.88,0.000000,0.000000
GYRO: 62387,1,-0.030,0.905,-2.682
