12644,1,0.645,0.981,99.149,22.57,-31.589573,116.783127
GYRO: 13002,1,-0.079,0.022,-0.117
13044,1,1.078,0.991,99.146,22.56,-31.589573,116.783127
GYRO: 13118,1,-0.079,-0.023,-0.056
13446,1,0.924,0.980,99.147,22.57,-31.589573,116.783127
GYRO: 13520,1,-0.048,-0.100,0.081
13848,1,0.900,0.979,99.146,22.55,-31.589582,116.783127
GYRO: 13922,1,-0.018,-0.084,-0.117
14249,1,0.666,0.976,99.152,22.53,-31.589582,116.783127
GYRO: 14323,1,-0.124,0.068,0.020
14650,1,0.703,0.978,99.149,22.55,-31.589584,116.783127
GYRO: 14724,1,-0.079,0.190,-0.133
15051,1,0.824,0.982,99.148,22.58,-31.589584,116.783127
GYRO: 15125,1,1.234,0.053,0.173
15452,1,0.775,0.979,99.148,22.58,-31.589584,116.783127
GYRO: 15526,1,0.410,0.007,-0.041
15854,1,0.571,0.978,99.149,22.53,-31.589592,116.783127
GYRO: 15928,1,0.761,0.053,-0.056
16255,1,0.364,0.981,99.150,22.51,-31.589592,116.783127
GYRO: 16329,1,0.196,-0.130,0.035
16657,1,0.707,0.980,99.151,22.49,-31.589592,116.783127
GYRO: 16731,1,0.105,-0.100,-0.056
17058,1,0.506,0.980,99.151,22.50,-31.589592,116.783127
GYRO: 17139,1,-0.262,-0.161,-0.056
17459,1,0.883,0.978,99.148,22.52,-31.589592,116.783127
GYRO: 17533,1,-0.063,0.099,-0.133
17861,1,0.493,0.978,99.150,22.55,-31.589596,116.783127
GYRO: 17935,1,-0.109,0.007,-0.010
18262,1,0.524,0.977,99.149,22.55,-31.589596,116.783127
GYRO: 18463,1,-0.231,-0.084,-0.056
18710,1,0.764,0.975,99.148,22.52,-31.589596,116.783127
GYRO: 18834,1,0.089,0.114,-0.010
19110,1,0.734,0.984,99.149,22.49,-31.589596,116.783127
GYRO: 19181,1,0.242,0.129,-0.026
19511,1,0.561,0.980,99.151,22.45,-31.589607,116.783127
GYRO: 19582,1,-0.170,0.053,-0.087
19913,1,1.986,0.976,99.150,22.46,-31.589607,116.783127
GYRO: 19984,1,-0.063,0.084,0.219
20314,1,0.629,0.984,99.148,22.47,-31.589607,116.783127
GYRO: 20385,1,0.044,-0.039,-0.102
20715,1,0.473,0.982,99.145,22.47,-31.589600,116.783127
GYRO: 20786,1,-0.002,-0.023,0.005
21116,1,0.709,0.979,99.147,22.48,-31.589600,116.783127
GYRO: 21187,1,-0.094,0.145,-0.071
21517,1,0.453,0.979,99.150,22.49,-31.589596,116.783127
GYRO: 21594,1,-0.018,0.084,-0.071
21919,1,0.341,0.977,99.150,22.51,-31.589596,116.783127
GYRO: 21990,1,-0.018,-0.008,0.127
22320,1,0.384,0.981,99.149,22.52,-31.589596,116.783127
GYRO: 22391,1,-0.262,-0.100,-0.071
22721,1,0.744,0.978,99.147,22.53,-31.589592,116.783127
GYRO: 22793,1,0.028,-0.115,-0.071
23122,1,0.841,0.982,99.151,22.51,-31.589592,116.783127
GYRO: 23194,1,-0.033,-0.084,0.005
23523,1,0.808,0.982,99.148,22.51,-31.589609,116.783127
GYRO: 23595,1,0.089,-0.100,0.035
23925,1,0.800,0.981,99.150,22.53,-31.589609,116.783127
GYRO: 24001,1,0.013,0.038,0.127
24327,1,0.830,0.982,99.147,22.55,-31.589609,116.783127
GYRO: 24398,1,-0.018,-0.161,0.127
24729,1,0.514,0.980,99.151,22.53,-31.589607,116.783127
GYRO: 24800,1,0.044,-0.054,0.066
25129,1,0.408,0.982,99.150,22.51,-31.589607,116.783127
GYRO: 25201,1,0.074,0.022,-0.056
25531,1,0.738,0.977,99.148,22.52,-31.589603,116.783127
GYRO: 25602,1,-0.002,-0.023,-0.117
25932,1,0.962,0.978,99.144,22.53,-31.589603,116.783127
GYRO: 26003,1,0.044,-0.069,-0.071
26334,1,1.661,0.984,99.131,22.45,-31.589603,116.783127
GYRO: 26406,1,-0.018,0.099,-0.026
26736,1,1.245,1.083,99.143,22.51,-31.589596,116.783119
GYRO: 26807,1,-2.827,-0.054,-0.545
27137,1,1.148,0.986,99.148,22.49,-31.589596,116.783119
GYRO: 27209,1,-1.208,1.015,1.562
27539,1,0.844,0.997,99.152,22.48,-31.589588,116.783127
GYRO: 27610,1,0.303,-0.115,0.203
27940,1,0.659,0.970,99.147,22.47,-31.589588,116.783127
GYRO: 28012,1,2.074,-0.039,0.173
28342,1,0.685,0.983,99.149,22.46,-31.589588,116.783127
GYRO: 28417,1,0.517,-0.100,0.005
28743,1,0.496,0.980,99.150,22.46,-31.589588,116.783127
GYRO: 28814,1,-0.247,-0.054,0.127
29144,1,0.457,0.982,99.151,22.46,-31.589588,116.783127
GYRO: 29215,1,-0.109,0.038,-0.010
29546,1,0.354,0.985,99.150,22.46,-31.589588,116.783127
GYRO: 29617,1,0.425,-0.039,-0.071
29947,1,1.177,0.980,99.151,22.47,-31.589588,116.783127
GYRO: 30019,1,0.211,-0.222,-0.010
30349,1,0.352,0.980,99.152,22.47,-31.589588,116.783127
GYRO: 30420,1,-0.033,-0.069,0.051
30750,1,0.515,0.978,99.149,22.49,-31.589605,116.783142
GYRO: 30827,1,0.059,0.022,-0.087
31152,1,0.648,0.981,99.147,22.49,-31.589605,116.783142
GYRO: 31223,1,-0.201,-0.023,-0.041
31553,1,0.614,0.979,99.148,22.49,-31.589603,116.783142
GYRO: 31624,1,0.089,-0.069,0.188
31955,1,0.519,0.980,99.150,22.49,-31.589603,116.783142
GYRO: 32026,1,0.013,0.129,0.005
32357,1,0.631,0.979,99.148,22.51,-31.589603,116.783142
GYRO: 32428,1,-0.033,-0.100,0.020
32758,1,0.533,0.980,99.150,22.52,-31.589600,116.783142
GYRO: 32829,1,-0.018,-0.039,0.249
33159,1,0.681,0.978,99.147,22.52,-31.589600,116.783142
GYRO: 33230,1,-0.063,0.022,-0.026
33560,1,0.355,0.979,99.150,22.53,-31.589600,116.783150
GYRO: 33631,1,0.059,0.099,0.142
33961,1,0.392,0.979,99.152,22.52,-31.589600,116.783150
GYRO: 34032,1,-0.201,0.114,-0.041
34363,1,0.408,0.976,99.150,22.51,-31.589600,116.783150
GYRO: 34435,1,0.044,0.099,-0.026
34765,1,0.823,0.979,99.148,22.52,-31.589598,116.783134
GYRO: 34836,1,0.211,0.129,-0.071
35166,1,0.438,0.981,99.149,22.54,-31.589598,116.783134
GYRO: 35243,1,0.150,-0.130,0.035
35567,1,0.441,0.980,99.151,22.55,-31.589598,116.783127
GYRO: 35639,1,-0.033,0.022,-0.071
35969,1,0.794,0.977,99.142,22.55,-31.589598,116.783127
GYRO: 36040,1,-0.063,-0.039,-0.133
36369,1,1.267,0.977,99.143,22.56,-31.589598,116.783127
GYRO: 36440,1,-3.712,-0.023,-0.209
36771,1,1.357,0.978,99.143,22.56,-31.589600,116.783127
GYRO: 36842,1,0.502,0.160,0.203
37171,1,1.062,0.975,99.145,22.54,-31.589600,116.783127
GYRO: 37242,1,1.143,-0.237,0.234
37572,1,1.076,0.978,99.145,22.54,-31.589600,116.783127
GYRO: 37647,1,1.662,0.084,0.112
37973,1,0.643,0.975,99.150,22.56,-31.589600,116.783127
GYRO: 38044,1,1.692,-0.161,0.203
38375,1,0.495,0.989,99.152,22.58,-31.589600,116.783127
GYRO: 38446,1,1.799,-0.084,0.127
38776,1,0.143,0.966,99.153,22.59,-31.589594,116.783119
GYRO: 38848,1,27.540,-0.268,2.570
39178,1,0.789,0.967,99.145,22.58,-31.589594,116.783119
GYRO: 39250,1,-12.888,0.648,-0.881
39579,1,0.708,0.988,99.151,22.58,-31.589596,116.783119
GYRO: 39650,1,11.753,0.129,2.722
39980,1,0.467,0.939,99.153,22.58,-31.589596,116.783119
GYRO: 40052,1,35.937,-0.008,5.058
40381,1,0.524,0.976,99.152,22.60,-31.589596,116.783119
GYRO: 40452,1,11.631,0.145,1.913
40782,1,0.418,0.986,99.153,22.62,-31.589592,116.783112
GYRO: 40854,1,-7.208,0.908,-1.140
41183,1,0.148,0.973,99.150,22.61,-31.589592,116.783112
GYRO: 41254,1,-3.300,0.419,-1.751
41585,1,0.389,0.952,99.153,22.63,-31.589588,116.783104
GYRO: 41656,1,-4.796,-0.115,-1.675
41986,1,0.340,0.967,99.152,22.63,-31.589588,116.783104
GYRO: 42061,1,-15.315,0.328,-3.049
42387,1,-0.010,1.058,99.151,22.63,-31.589588,116.783104
GYRO: 42459,1,-6.613,0.755,1.562
42788,1,0.159,1.141,99.155,22.61,-31.589588,116.783112
GYRO: 42859,1,-40.079,5.366,-3.003
43189,1,1.211,1.017,99.154,22.62,-31.589588,116.783112
GYRO: 43263,1,-3.972,-1.275,-2.453
43590,1,0.125,0.961,99.155,22.66,-31.589588,116.783112
GYRO: 43661,1,-3.315,-0.329,-0.224
43991,1,0.313,0.977,99.149,22.68,-31.589588,116.783112
GYRO: 44236,1,8.227,-0.207,0.387
44392,1,0.411,0.981,99.148,22.68,-31.589588,116.783112
GYRO: 44462,1,17.189,-0.084,1.577
44794,1,0.868,0.997,99.151,22.71,-31.589588,116.783112
GYRO: 44865,1,35.815,-0.481,2.860
45195,1,0.648,0.979,99.148,22.72,-31.589588,116.783112
GYRO: 45266,1,2.440,-0.100,0.142
45596,1,0.615,1.003,99.146,22.72,-31.589588,116.783119
GYRO: 45667,1,4.929,-0.649,1.501
45997,1,0.638,0.969,99.150,22.71,-31.589588,116.783119
GYRO: 46069,1,1.219,-0.191,-0.071
46399,1,1.640,0.980,99.108,22.69,-31.589588,116.783119
GYRO: 46470,1,2.486,0.206,0.035
46800,1,0.690,0.983,99.148,22.64,-31.589590,116.783119
GYRO: 46871,1,-4.231,-0.023,-0.056
47202,1,0.518,1.027,99.149,22.64,-31.589590,116.783119
GYRO: 47273,1,-1.407,2.465,1.562
47603,1,0.773,1.014,99.149,22.65,-31.589588,116.783119
GYRO: 47674,1,-2.277,0.603,-0.331
48004,1,0.802,1.050,99.147,22.66,-31.589588,116.783119
GYRO: 48075,1,0.211,-0.298,0.402
48405,1,0.555,0.970,99.148,22.66,-31.589588,116.783119
GYRO: 48476,1,11.173,-0.176,0.616
48807,1,0.718,0.983,99.151,22.67,-31.589588,116.783104
GYRO: 48882,1,13.158,-0.359,1.074
49208,1,1.007,0.973,99.146,22.66,-31.589588,116.783104
GYRO: 49278,1,-3.040,-0.054,-0.331
49609,1,0.958,0.975,99.149,22.65,-31.589586,116.783104
GYRO: 49680,1,-2.979,-0.039,-0.255
50010,1,1.880,0.982,99.148,22.62,-31.589586,116.783104
GYRO: 50080,1,1.326,-0.023,0.096
50411,1,0.923,0.985,99.147,22.58,-31.589586,116.783104
GYRO: 50482,1,-0.002,-0.145,0.173
50813,1,1.029,0.982,99.145,22.58,-31.589584,116.783112
GYRO: 50884,1,-0.216,-0.039,-0.056
51214,1,1.243,0.985,99.146,22.58,-31.589584,116.783112
GYRO: 51285,1,0.166,-0.054,-0.148
51615,1,1.153,0.982,99.144,22.57,-31.589588,116.783104
GYRO: 51686,1,0.120,-0.039,0.112
52017,1,1.013,0.984,99.147,22.57,-31.589588,116.783104
GYRO: 52088,1,0.105,-0.084,0.020
52419,1,0.794,0.984,99.147,22.58,-31.589588,116.783104
GYRO: 52490,1,-0.063,0.053,0.066
52820,1,1.090,0.984,99.146,22.58,-31.589588,116.783104
GYRO: 52891,1,-0.079,-0.084,-0.102
53221,1,0.701,0.990,99.146,22.55,-31.589588,116.783104
GYRO: 53296,1,-0.018,-0.054,-0.041
53622,1,0.776,0.986,99.150,22.59,-31.589592,116.783104
GYRO: 53693,1,-1.514,-0.039,0.035
54024,1,0.475,1.035,99.150,22.60,-31.589592,116.783104
GYRO: 54095,1,0.593,0.435,-0.087
54426,1,0.545,1.005,99.150,22.60,-31.589592,116.783104
GYRO: 54497,1,-2.262,-0.237,-0.178
54827,1,0.533,0.980,99.150,22.60,-31.589588,116.783112
GYRO: 54898,1,0.593,0.084,0.096
55229,1,0.706,0.980,99.147,22.60,-31.589588,116.783112
GYRO: 55300,1,4.868,-0.542,0.539
55630,1,0.870,0.987,99.148,22.59,-31.589586,116.783112
GYRO: 55712,1,-3.575,0.160,-0.026
56031,1,1.084,0.983,99.146,22.60,-31.589586,116.783112
GYRO: 56103,1,2.181,-0.069,0.280
56432,1,1.743,0.985,99.146,22.58,-31.589586,116.783112
GYRO: 56503,1,-0.582,-0.054,0.051
56834,1,0.957,0.987,99.148,22.57,-31.589588,116.783112
GYRO: 56905,1,0.502,0.267,0.051
57236,1,0.751,0.984,99.148,22.58,-31.589588,116.783112
GYRO: 57308,1,-9.514,-0.497,-0.728
57638,1,1.024,0.959,99.144,22.57,-31.589588,116.783112
GYRO: 57709,1,17.509,-1.306,3.959
58040,1,0.922,0.996,99.145,22.56,-31.589588,116.783112
GYRO: 58111,1,-51.331,-3.840,-4.743
58442,1,0.453,1.120,99.152,22.57,-31.589588,116.783112
GYRO: 58514,1,-36.964,3.900,-6.346
58844,1,-0.252,0.957,99.158,22.59,-31.589588,116.783112
GYRO: 58916,1,-38.063,-3.123,-10.285
59246,1,-1.784,0.935,99.166,22.60,-31.589588,116.783112
GYRO: 59318,1,2.685,3.717,-1.705
59647,1,-1.120,0.911,99.163,22.60,-31.589581,116.783112
GYRO: 59719,1,-21.315,3.763,-11.598
60049,1,-1.574,0.933,99.167,22.62,-31.589581,116.783112
GYRO: 60126,1,5.524,-1.031,6.417
60450,1,-1.406,0.955,99.167,22.63,-31.589581,116.783112
GYRO: 60523,1,-6.811,7.244,-1.003
60852,1,-0.748,0.957,99.152,22.63,-31.589581,116.783112
GYRO: 60925,1,-69.407,14.389,-11.568
61253,1,-0.029,0.947,99.156,22.63,-31.589581,116.783112
GYRO: 61326,1,3.448,5.320,-2.423
61655,1,-0.390,0.917,99.156,22.65,-31.589581,116.783112
GYRO: 61727,1,-6.720,-0.787,2.310
62056,1,-0.316,0.940,99.156,22.65,-31.589581,116.783112
GYRO: 62128,1,-18.079,3.671,2.020
62458,1,-0.540,0.951,99.155,22.66,-31.589581,116.783112
GYRO: 62530,1,-3.010,-0.710,-0.346
62859,1,-0.445,0.950,99.153,22.66,-31.589581,116.783104
GYRO: 62931,1,-3.346,0.389,0.524
63260,1,-0.105,0.947,99.156,22.67,-31.589581,116.783104
GYRO: 63332,1,-6.247,0.465,0.173
63661,1,-0.278,0.941,99.156,22.68,-31.589581,116.783104
GYRO: 63734,1,-0.766,-0.008,1.776
64062,1,-0.350,0.946,99.156,22.66,-31.589581,116.783104
GYRO: 64135,1,-0.216,-0.207,0.249
64463,1,-0.389,0.941,99.156,22.69,-31.589581,116.783104
GYRO: 64541,1,-2.613,-1.260,0.249
64864,1,-0.196,0.950,99.156,22.70,-31.589582,116.783096
GYRO: 64936,1,3.662,1.168,1.318
65265,1,-0.358,0.947,99.158,22.71,-31.589582,116.783096
GYRO: 65338,1,-11.697,-0.054,-0.636
65666,1,-0.402,0.949,99.157,22.70,-31.589575,116.783089
GYRO: 65738,1,-0.445,-1.138,1.150
66068,1,-0.501,0.951,99.159,22.70,-31.589575,116.783089
GYRO: 66140,1,6.685,-4.955,0.860
66469,1,-0.034,0.946,99.156,22.70,-31.589575,116.783089
GYRO: 66541,1,-2.598,-1.932,0.829
66870,1,-0.490,0.945,99.156,22.71,-31.589581,116.783081
GYRO: 66947,1,5.311,-0.344,0.890
67272,1,-0.212,0.951,99.155,22.71,-31.589581,116.783081
GYRO: 67345,1,2.349,0.251,0.264
67674,1,-0.447,0.949,99.157,22.71,-31.589577,116.783073
GYRO: 67747,1,-0.903,0.190,0.066
68075,1,-0.472,0.949,99.158,22.73,-31.589577,116.783073
GYRO: 68150,1,1.799,0.175,0.371
68476,1,-0.506,0.949,99.157,22.73,-31.589577,116.783073
GYRO: 68548,1,0.700,-0.054,0.173
68878,1,-0.443,0.950,99.157,22.74,-31.589579,116.783073
GYRO: 68950,1,-0.659,0.038,-0.178
69280,1,-0.461,0.951,99.157,22.74,-31.589579,116.783073
GYRO: 69352,1,-1.361,0.068,0.234
69681,1,-0.225,0.952,99.156,22.73,-31.589581,116.783066
GYRO: 69754,1,3.708,-1.291,0.722
70082,1,-0.177,0.953,99.155,22.73,-31.589581,116.783066
GYRO: 70155,1,2.975,-0.298,0.951
70483,1,0.072,0.952,99.154,22.74,-31.589581,116.783066
GYRO: 70554,1,11.784,-2.985,0.035
70885,1,-0.133,0.940,99.155,22.74,-31.589588,116.783058
GYRO: 70957,1,20.944,-3.871,2.417
71287,1,-0.847,0.946,99.162,22.74,-31.589588,116.783058
GYRO: 71367,1,-3.529,1.030,-1.919
71688,1,-0.688,0.960,99.157,22.74,-31.589533,116.783089
GYRO: 71760,1,-1.376,0.618,0.493
72089,1,-0.152,0.945,99.157,22.74,-31.589533,116.783089
GYRO: 72162,1,-17.193,-1.520,-0.041
72491,1,-0.569,0.953,99.163,22.74,-31.589533,116.783089
GYRO: 72563,1,21.479,-11.886,-0.972
72892,1,-0.980,0.923,99.160,22.72,-31.589552,116.783073
GYRO: 72964,1,0.211,9.366,1.837
73294,1,-1.205,0.958,99.165,22.71,-31.589552,116.783073
GYRO: 73366,1,-5.361,6.984,-4.636
73695,1,-1.447,0.980,99.160,22.70,-31.589556,116.783073
GYRO: 73770,1,6.807,13.381,-4.575
74097,1,-1.280,0.964,99.162,22.70,-31.589556,116.783073
GYRO: 74172,1,-3.605,11.168,14.677
74499,1,-0.770,0.924,99.156,22.71,-31.589556,116.783073
GYRO: 74574,1,-4.552,13.320,3.745
74900,1,-0.283,0.937,99.156,22.70,-31.589558,116.783096
GYRO: 74975,1,-2.185,3.305,0.707
75301,1,-0.343,0.950,99.154,22.70,-31.589558,116.783096
GYRO: 75376,1,3.418,-2.359,-1.965
75702,1,0.459,0.928,99.149,22.69,-31.589577,116.783096
GYRO: 75782,1,-10.689,-8.878,-5.797
76104,1,-0.347,0.965,99.156,22.68,-31.589577,116.783096
GYRO: 76179,1,21.357,-8.573,-14.423
76505,1,-0.867,0.947,99.162,22.66,-31.589569,116.783112
GYRO: 76580,1,1.815,-8.878,-9.491
76906,1,-1.067,0.863,99.167,22.67,-31.589569,116.783112
GYRO: 76981,1,-16.857,4.297,6.646
77307,1,-1.311,0.978,99.164,22.66,-31.589569,116.783112
GYRO: 77382,1,8.837,5.259,-4.056
77708,1,-1.348,0.960,99.163,22.68,-31.589581,116.783112
GYRO: 77783,1,-9.071,4.648,3.242
78110,1,-1.134,0.964,99.165,22.67,-31.589581,116.783112
GYRO: 78184,1,-5.040,-0.649,1.929
78511,1,-1.414,0.953,99.164,22.66,-31.589586,116.783119
GYRO: 78587,1,-3.651,-0.390,0.127
78913,1,-1.462,0.952,99.166,22.65,-31.589586,116.783119
GYRO: 78988,1,-0.750,0.923,-0.545
79314,1,-1.387,0.928,99.165,22.64,-31.589586,116.783119
GYRO: 79389,1,-2.430,-1.107,0.463
79716,1,-1.729,0.934,99.166,22.65,-31.589586,116.783119
GYRO: 79791,1,14.929,-4.298,2.753
80117,1,-1.559,0.961,99.166,22.64,-31.589586,116.783119
GYRO: 80199,1,9.189,1.732,0.081
80518,1,-1.716,0.948,99.168,22.64,-31.589577,116.783127
GYRO: 80593,1,-11.071,0.542,0.646
80919,1,-1.696,0.957,99.168,22.63,-31.589577,116.783127
GYRO: 80994,1,-0.857,0.206,0.555
81320,1,-1.703,0.985,99.168,22.64,-31.589577,116.783127
GYRO: 81396,1,2.547,0.328,-1.201
81721,1,-1.586,0.951,99.166,22.63,-31.589575,116.783127
GYRO: 81796,1,5.219,-0.512,-0.621
82123,1,-1.266,0.897,99.163,22.63,-31.589575,116.783127
GYRO: 82198,1,8.731,-1.672,-0.987
82524,1,-1.482,0.983,99.165,22.62,-31.589579,116.783127
GYRO: 82727,1,1.860,0.419,-0.881
82925,1,-1.791,0.930,99.166,22.62,-31.589579,116.783127
GYRO: 82997,1,-3.590,2.709,1.074
83327,1,-0.804,0.956,99.167,22.63,-31.589579,116.783127
GYRO: 83399,1,0.608,-2.466,-2.850
83727,1,-1.480,0.933,99.165,22.62,-31.589581,116.783119
GYRO: 83799,1,-10.949,7.168,3.852
84128,1,-1.615,0.969,99.164,22.62,-31.589581,116.783119
GYRO: 84200,1,5.769,0.419,-0.224
84529,1,-1.457,0.956,99.165,22.64,-31.589581,116.783119
GYRO: 84601,1,-3.376,0.450,-0.133
84931,1,-1.003,0.947,99.162,22.62,-31.589581,116.783119
GYRO: 85003,1,-1.147,0.282,0.249
85333,1,-0.981,0.956,99.163,22.61,-31.589581,116.783119
GYRO: 85405,1,1.295,0.022,0.356
85734,1,-1.210,0.951,99.163,22.60,-31.589581,116.783119
GYRO: 85806,1,-1.392,-0.344,0.402
86136,1,-1.565,0.978,99.167,22.62,-31.589581,116.783119
GYRO: 86209,1,8.105,0.511,-0.713
86537,1,-0.586,0.955,99.160,22.60,-31.589584,116.783112
GYRO: 86609,1,-5.010,-0.130,0.448
86939,1,-1.210,0.959,99.165,22.62,-31.589584,116.783112
GYRO: 87016,1,3.815,0.877,-0.224
87340,1,-1.607,0.955,99.165,22.62,-31.589584,116.783112
GYRO: 87413,1,-10.338,0.542,0.432
87742,1,-1.211,0.936,99.162,22.59,-31.589584,116.783119
GYRO: 87815,1,-3.468,0.587,0.585
88143,1,-1.033,0.951,99.164,22.59,-31.589584,116.783119
GYRO: 88216,1,2.242,0.526,-0.621
88544,1,-1.329,0.956,99.163,22.58,-31.589581,116.783119
GYRO: 88617,1,1.005,0.725,-0.194
88946,1,-1.123,0.959,99.163,22.58,-31.589581,116.783119
GYRO: 89019,1,-0.124,0.618,-0.484
89347,1,-0.937,0.961,99.163,22.58,-31.589581,116.783119
GYRO: 89420,1,-3.315,-0.191,0.387
89749,1,-1.238,0.987,99.163,22.58,-31.589579,116.783119
GYRO: 89822,1,-17.590,1.580,-3.278
90150,1,-1.111,0.951,99.163,22.58,-31.589579,116.783119
GYRO: 90223,1,0.898,-0.100,0.219
90552,1,-0.894,0.952,99.161,22.59,-31.589579,116.783119
GYRO: 90625,1,1.158,0.572,-0.255
90954,1,-1.210,0.955,99.162,22.59,-31.589579,116.783119
GYRO: 91027,1,4.089,0.236,-0.346
91355,1,-1.192,0.956,99.163,22.60,-31.589579,116.783119
GYRO: 91432,1,-2.857,0.679,0.280
91756,1,-1.347,0.959,99.165,22.60,-31.589581,116.783119
GYRO: 91829,1,-5.544,0.251,-0.087
92157,1,-1.271,0.954,99.163,22.60,-31.589581,116.783119
GYRO: 92230,1,-1.819,0.099,0.051
92559,1,-1.176,0.960,99.165,22.61,-31.589581,116.783119
GYRO: 92635,1,-1.102,-0.237,0.325
92960,1,-1.454,0.960,99.165,22.62,-31.589581,116.783119
GYRO: 93033,1,2.822,-0.268,0.310
93361,1,-1.351,0.950,99.164,22.62,-31.589581,116.783119
GYRO: 93434,1,1.448,-0.344,0.646
93763,1,-1.422,0.950,99.164,22.62,-31.589573,116.783112
GYRO: 93841,1,-0.689,-0.039,-0.194
94164,1,-1.188,0.962,99.164,22.60,-31.589573,116.783112
GYRO: 94237,1,-0.842,0.221,0.142
94566,1,-1.402,0.960,99.167,22.62,-31.589579,116.783112
GYRO: 94638,1,-0.995,0.282,-0.239
94967,1,-1.451,0.957,99.166,22.62,-31.589579,116.783112
GYRO: 95040,1,0.105,-0.497,0.448
95368,1,-1.434,0.961,99.163,22.62,-31.589579,116.783112
GYRO: 95441,1,2.654,-0.222,-0.102
95770,1,-1.371,0.961,99.165,22.63,-31.589579,116.783112
GYRO: 95843,1,6.227,-0.344,-0.056
96171,1,-1.473,0.989,99.166,22.63,-31.589579,116.783112
GYRO: 96244,1,-2.766,0.419,-8.377
96573,1,-1.269,0.950,99.165,22.62,-31.589581,116.783112
GYRO: 96646,1,8.074,2.114,0.646
96974,1,-1.506,0.974,99.164,22.62,-31.589581,116.783112
GYRO: 97047,1,21.906,-1.458,0.249
97376,1,-1.400,0.961,99.167,22.62,-31.589581,116.783112
GYRO: 97449,1,6.746,-0.176,-0.270
97778,1,-1.455,0.961,99.167,22.62,-31.589577,116.783112
GYRO: 97850,1,1.066,0.007,-0.346
98179,1,-1.373,0.959,99.163,22.61,-31.589577,116.783112
GYRO: 98257,1,-0.353,-0.115,0.585
98580,1,-1.431,0.962,99.167,22.63,-31.589575,116.783119
GYRO: 98653,1,-5.437,0.175,-0.071
98981,1,-1.426,0.960,99.165,22.62,-31.589575,116.783119
GYRO: 99054,1,-1.743,-0.390,0.631
99382,1,-1.519,0.963,99.160,22.63,-31.589575,116.783119
GYRO: 99455,1,-5.102,-0.145,0.539
99783,1,-1.523,0.976,99.165,22.65,-31.589575,116.783119
GYRO: 99856,1,-3.895,0.007,-0.026
100184,1,-0.433,0.962,99.161,22.64,-31.589575,116.783119
GYRO: 100258,1,-2.643,0.114,0.524
100586,1,-1.356,0.962,99.165,22.65,-31.589575,116.783119
GYRO: 100660,1,1.494,1.122,-0.010
100988,1,-1.498,0.958,99.164,22.66,-31.589575,116.783119
GYRO: 101062,1,2.410,-0.390,0.081
101390,1,-1.460,0.952,99.164,22.66,-31.589575,116.783119
GYRO: 101464,1,-1.300,0.145,0.096
101791,1,-1.406,0.964,99.163,22.66,-31.589577,116.783119
GYRO: 101865,1,-1.239,-0.481,0.570
102192,1,-1.303,0.955,99.165,22.66,-31.589577,116.783119
GYRO: 102266,1,0.150,0.221,0.005
102593,1,-1.134,0.960,99.163,22.64,-31.589575,116.783119
GYRO: 102672,1,1.509,-0.207,0.463
102995,1,-1.282,0.953,99.163,22.65,-31.589575,116.783119
GYRO: 103069,1,2.013,0.022,0.005
103397,1,-0.300,0.956,99.164,22.66,-31.589575,116.783119
GYRO: 103471,1,2.028,0.206,-0.194
103799,1,-1.076,0.961,99.160,22.64,-31.589577,116.783119
GYRO: 103872,1,-0.598,-0.039,0.112
104201,1,-1.101,0.955,99.163,22.65,-31.589577,116.783119
GYRO: 104275,1,-1.376,0.053,-0.087
104602,1,-0.912,0.961,99.162,22.65,-31.589579,116.783119
GYRO: 104676,1,-1.040,0.022,-0.087
105003,1,-1.263,0.962,99.165,22.66,-31.589579,116.783119
GYRO: 105077,1,-0.506,-0.054,0.142
105405,1,-1.371,0.961,99.165,22.67,-31.589579,116.783119
GYRO: 105479,1,-0.079,-0.115,-0.224
105807,1,-0.959,0.962,99.159,22.67,-31.589579,116.783119
GYRO: 105881,1,-4.567,0.022,0.066
106208,1,-1.212,0.957,99.164,22.69,-31.589579,116.783119
GYRO: 106282,1,-1.071,-0.100,0.203
106609,1,-0.584,0.957,99.164,22.70,-31.589581,116.783119
GYRO: 106683,1,0.105,0.251,-0.102
107010,1,-1.539,0.957,99.166,22.70,-31.589581,116.783119
GYRO: 107090,1,-1.437,-0.115,0.295
107411,1,-1.359,0.962,99.164,22.72,-31.589581,116.783119
GYRO: 107485,1,-1.285,0.282,0.035
107813,1,-1.349,0.958,99.165,22.72,-31.589577,116.783119
GYRO: 107887,1,-1.331,-0.100,0.051
108214,1,-1.439,0.961,99.165,22.74,-31.589577,116.783119
GYRO: 108288,1,-0.918,0.053,-0.194
108615,1,-1.605,0.960,99.166,22.74,-31.589577,116.783119
GYRO: 108689,1,0.196,-0.145,0.020
109017,1,-1.639,0.958,99.166,22.75,-31.589577,116.783119
GYRO: 109091,1,0.120,-0.145,0.142
109419,1,-1.438,0.954,99.166,22.75,-31.589577,116.783119
GYRO: 109496,1,-0.124,-0.008,-0.102
109821,1,-1.216,0.962,99.164,22.75,-31.589575,116.783119
GYRO: 109897,1,0.425,0.068,0.005
110222,1,-0.236,0.956,99.166,22.75,-31.589575,116.783119
GYRO: 110298,1,0.517,0.007,0.188
110623,1,-1.148,0.962,99.162,22.76,-31.589573,116.783119
GYRO: 110700,1,-0.796,-0.207,0.127
111025,1,-1.252,0.952,99.162,22.76,-31.589573,116.783119
GYRO: 111102,1,-3.819,-0.115,0.005
111426,1,-1.337,0.943,99.165,22.77,-31.589573,116.783119
GYRO: 111510,1,0.990,-1.153,0.448
111828,1,-1.504,0.954,99.167,22.76,-31.589581,116.783119
GYRO: 111904,1,-0.231,-0.145,0.219
112230,1,-1.542,0.953,99.163,22.76,-31.589581,116.783119
GYRO: 112307,1,-1.453,-0.283,0.310
112632,1,-1.594,0.962,99.168,22.75,-31.589581,116.783119
GYRO: 112709,1,14.013,-2.756,0.692
113033,1,-1.307,0.953,99.162,22.76,-31.589581,116.783119
GYRO: 113110,1,2.898,-0.237,0.127
113434,1,0.172,0.948,99.153,22.76,-31.589581,116.783119
GYRO: 113510,1,-10.201,1.137,0.142
113835,1,0.595,0.962,99.151,22.77,-31.589575,116.783119
GYRO: 113911,1,-4.613,-1.336,1.532
114237,1,0.587,0.980,99.148,22.76,-31.589575,116.783119
GYRO: 114312,1,-0.109,-4.665,5.562
