17313,1,0.139,0.975,100.743,28.34,0.000000,0.000000
GYRO: 18237,1,-2.009,-0.989,0.159
23682,1,-1.234,0.956,100.753,28.44,0.000000,0.000000
GYRO: 23798,1,-0.467,0.064,0.418
29249,1,0.781,0.955,100.738,28.45,0.000000,0.000000
GYRO: 29364,1,0.693,0.736,0.510
34809,1,-0.205,0.965,100.745,28.55,0.000000,0.000000
GYRO: 34959,1,-0.513,-0.149,0.495
40404,1,1.209,0.952,100.734,28.55,0.000000,0.000000
GYRO: 40519,1,-2.161,-1.508,-0.711
45964,1,0.162,0.971,100.743,28.52,0.000000,0.000000
GYRO: 46079,1,0.632,0.629,1.731
