11878,1,0.199,0.965,100.728,29.33,0.000000,0.000000
GYRO: 12985,1,0.723,1.487,-0.327
12999,1,0.109,0.962,100.729,29.33,0.000000,0.000000
GYRO: 13114,1,-3.765,-6.223,-1.167
13400,1,0.004,0.955,100.727,29.32,0.000000,0.000000
GYRO: 13468,1,0.677,-0.223,0.161
13802,1,-0.095,0.956,100.734,29.34,0.000000,0.000000
GYRO: 13871,1,0.189,0.311,-0.663
14203,1,0.050,0.955,100.729,29.33,0.000000,0.000000
GYRO: 14271,1,-0.422,-2.513,-0.633
14605,1,0.119,0.957,100.731,29.34,0.000000,0.000000
GYRO: 14673,1,-1.659,-1.445,-0.114
15007,1,0.197,0.947,100.730,29.34,0.000000,0.000000
GYRO: 15075,1,-2.468,-1.445,0.314
15409,1,0.099,0.952,100.726,29.35,0.000000,0.000000
GYRO: 15477,1,1.319,1.197,0.375
15810,1,0.285,0.952,100.727,29.36,0.000000,0.000000
GYRO: 15878,1,-2.010,-0.132,0.344
16212,1,0.136,0.959,100.728,29.38,0.000000,0.000000
GYRO: 16280,1,-2.926,-2.116,0.176
16614,1,0.672,0.954,100.725,29.39,0.000000,0.000000
GYRO: 16682,1,-0.712,-0.910,-0.465
17015,1,0.434,0.954,100.728,29.40,0.000000,0.000000
GYRO: 17083,1,0.937,1.197,-0.785
17416,1,0.455,0.963,100.726,29.42,0.000000,0.000000
GYRO: 17484,1,9.532,6.036,-0.663
17818,1,0.260,0.949,100.730,29.44,0.000000,0.000000
GYRO: 17887,1,0.311,0.143,0.176
18219,1,0.094,0.952,100.732,29.45,0.000000,0.000000
GYRO: 18287,1,-0.269,-0.895,-0.694
18621,1,0.136,0.948,100.731,29.46,0.000000,0.000000
GYRO: 18689,1,2.082,0.845,0.131
19023,1,-0.326,0.950,100.730,29.44,0.000000,0.000000
GYRO: 19092,1,-2.575,-1.979,-0.282
19425,1,-0.727,0.949,100.733,29.46,0.000000,0.000000
GYRO: 19499,1,-3.323,-2.055,-0.556
19826,1,-0.527,0.958,100.733,29.47,0.000000,0.000000
GYRO: 19896,1,1.425,1.899,0.375
20228,1,-0.336,0.954,100.729,29.47,0.000000,0.000000
GYRO: 20297,1,-0.101,0.677,0.176
20630,1,-0.359,0.953,100.732,29.48,0.000000,0.000000
GYRO: 20699,1,-0.147,-0.284,-0.373
21031,1,-0.114,0.952,100.732,29.49,0.000000,0.000000
GYRO: 21100,1,1.593,0.784,-0.144
21432,1,0.049,0.951,100.729,29.50,0.000000,0.000000
GYRO: 21501,1,1.807,0.861,-0.251
21833,1,-0.184,0.955,100.729,29.50,0.000000,0.000000
GYRO: 21906,1,1.059,0.647,0.451
22234,1,-0.310,0.950,100.732,29.53,0.000000,0.000000
GYRO: 22303,1,1.181,0.738,0.421
22635,1,-0.305,0.953,100.728,29.54,0.000000,0.000000
GYRO: 22705,1,-0.101,0.280,0.329
23037,1,-0.051,0.955,100.730,29.53,0.000000,0.000000
GYRO: 23106,1,-2.071,-1.323,-0.908
23438,1,-0.020,0.956,100.729,29.53,0.000000,0.000000
GYRO: 23507,1,0.509,0.555,-1.121
23839,1,0.046,0.953,100.729,29.54,0.000000,0.000000
GYRO: 23908,1,-0.086,-0.162,-0.098
24240,1,0.040,0.951,100.727,29.55,0.000000,0.000000
GYRO: 24314,1,-0.773,-0.407,-0.526
24642,1,0.021,0.950,100.730,29.55,0.000000,0.000000
GYRO: 24710,1,0.250,0.464,0.085
25044,1,-0.028,0.952,100.729,29.55,0.000000,0.000000
GYRO: 25113,1,-0.147,0.067,0.573
25446,1,0.242,0.954,100.728,29.55,0.000000,0.000000
GYRO: 25514,1,0.219,0.464,-0.144
25848,1,0.184,0.954,100.726,29.56,0.000000,0.000000
GYRO: 25916,1,-0.223,-0.010,-0.404
26249,1,0.394,0.950,100.727,29.58,0.000000,0.000000
GYRO: 26317,1,0.250,-0.071,0.283
26650,1,0.397,0.951,100.726,29.58,0.000000,0.000000
GYRO: 26719,1,-0.773,0.174,0.176
27051,1,0.345,0.953,100.726,29.58,0.000000,0.000000
GYRO: 27119,1,0.235,-0.040,-0.526
27452,1,0.321,0.951,100.728,29.58,0.000000,0.000000
GYRO: 27520,1,0.433,0.174,0.421
27854,1,0.466,0.944,100.726,29.58,0.000000,0.000000
GYRO: 27922,1,0.433,0.403,-0.327
28255,1,0.302,0.951,100.727,29.59,0.000000,0.000000
GYRO: 28323,1,-0.025,0.051,-0.175
28657,1,0.188,0.952,100.727,29.58,0.000000,0.000000
GYRO: 28726,1,0.418,0.632,-0.190
29058,1,0.190,0.948,100.730,29.61,0.000000,0.000000
GYRO: 29127,1,-0.819,-0.223,-0.373
29459,1,0.143,0.955,100.727,29.61,0.000000,0.000000
GYRO: 29528,1,1.395,0.677,-0.083
29860,1,0.232,0.952,100.728,29.61,0.000000,0.000000
GYRO: 29928,1,0.509,1.059,-0.053
30261,1,-0.035,0.953,100.730,29.62,0.000000,0.000000
GYRO: 30330,1,-0.239,0.189,0.131
30662,1,0.079,0.952,100.732,29.63,0.000000,0.000000
GYRO: 30731,1,1.242,0.219,0.039
31063,1,-0.129,0.953,100.730,29.63,0.000000,0.000000
GYRO: 31132,1,0.967,0.647,-0.343
31464,1,-0.102,0.952,100.732,29.63,0.000000,0.000000
GYRO: 31534,1,0.784,0.342,0.070
31866,1,-0.181,0.951,100.733,29.64,0.000000,0.000000
GYRO: 31935,1,1.945,1.074,-0.556
32268,1,0.007,0.953,100.730,29.64,0.000000,0.000000
GYRO: 32336,1,2.601,1.242,0.344
32669,1,-0.115,0.955,100.731,29.64,0.000000,0.000000
GYRO: 32738,1,2.158,1.700,0.726
33070,1,-0.434,0.956,100.733,29.64,0.000000,0.000000
GYRO: 33140,1,-1.063,-0.208,0.176
33472,1,-0.300,0.954,100.733,29.65,0.000000,0.000000
GYRO: 33547,1,0.570,-0.178,0.314
33873,1,-0.322,0.957,100.733,29.65,0.000000,0.000000
GYRO: 33942,1,0.448,0.800,-0.053
34275,1,-0.386,0.956,100.734,29.65,0.000000,0.000000
GYRO: 34344,1,1.212,0.265,0.192
34676,1,-0.213,0.956,100.727,29.64,0.000000,0.000000
GYRO: 34746,1,-0.376,0.250,-0.037
35078,1,-0.160,0.954,100.735,29.65,0.000000,0.000000
GYRO: 35148,1,3.746,2.494,-0.724
