13093,1,0.857,1.058,99.070,25.01,-31.589483,116.783058
GYRO: 13799,1,17.763,-1.372,1.408
13817,1,0.209,1.038,99.074,25.03,-31.589472,116.783043
GYRO: 13937,1,7.473,-0.105,0.431
14216,1,0.702,1.043,99.071,25.05,-31.589472,116.783043
GYRO: 14291,1,3.289,0.353,0.034
14619,1,0.635,1.048,99.071,25.04,-31.589472,116.783035
GYRO: 14693,1,6.587,-0.059,0.538
15020,1,0.688,1.049,99.072,25.06,-31.589472,116.783035
GYRO: 15095,1,11.839,-0.273,0.599
15422,1,0.706,1.048,99.072,25.07,-31.589472,116.783012
GYRO: 15496,1,9.503,0.094,-0.561
15823,1,0.584,1.035,99.072,25.07,-31.589472,116.783012
GYRO: 15898,1,19.183,-0.196,1.698
16225,1,0.929,1.035,99.067,25.08,-31.589472,116.783012
GYRO: 16299,1,8.343,-1.005,0.782
16626,1,1.130,1.042,99.066,25.09,-31.589468,116.783005
GYRO: 16700,1,8.618,-0.196,0.309
17027,1,1.482,1.045,99.064,25.09,-31.589468,116.783005
GYRO: 17102,1,11.503,-0.135,0.126
17429,1,1.310,1.044,99.065,25.10,-31.589483,116.783012
GYRO: 17504,1,16.236,0.002,-0.210
17831,1,0.965,1.055,99.072,25.11,-31.589483,116.783012
GYRO: 17913,1,1.763,-0.181,0.294
18232,1,0.813,1.024,99.069,25.13,-31.589483,116.783012
GYRO: 18307,1,26.465,-0.471,1.912
18634,1,1.287,1.027,99.066,25.13,-31.589483,116.783005
GYRO: 18708,1,-7.642,-0.044,-0.348
19036,1,1.430,1.026,99.066,25.13,-31.589483,116.783005
GYRO: 19111,1,4.297,-0.395,0.736
19437,1,1.142,1.025,99.071,25.13,-31.589485,116.782997
GYRO: 19511,1,-18.329,0.399,-1.386
19839,1,1.242,1.032,99.067,25.14,-31.589485,116.782997
GYRO: 19914,1,16.175,-0.364,1.072
20240,1,1.728,1.037,99.068,25.14,-31.589485,116.782997
GYRO: 20315,1,4.892,-0.486,0.568
20642,1,1.396,1.026,99.066,25.15,-31.589487,116.783005
GYRO: 20717,1,1.763,-0.227,-0.409
21045,1,1.118,1.045,99.067,25.16,-31.589487,116.783005
GYRO: 21119,1,17.686,-0.624,1.576
21446,1,0.821,1.035,99.068,25.16,-31.589508,116.783005
GYRO: 21518,1,-36.909,0.857,-1.798
21848,1,0.862,1.027,99.067,25.16,-31.589508,116.783005
GYRO: 21919,1,118.496,-2.914,6.767
22248,1,1.187,1.032,99.066,25.16,-31.589508,116.783005
GYRO: 22326,1,26.068,-0.166,1.240
22650,1,1.361,1.017,99.063,25.16,-31.589521,116.783012
GYRO: 22722,1,-33.275,-0.120,-1.477
23052,1,1.487,1.031,99.064,25.17,-31.589521,116.783012
GYRO: 23124,1,19.747,-0.456,1.652
23454,1,1.252,1.015,99.063,25.17,-31.589542,116.783028
GYRO: 23526,1,46.709,-1.280,2.446
23856,1,1.660,1.006,99.058,25.15,-31.589542,116.783028
GYRO: 23928,1,17.976,-0.898,0.965
24257,1,1.544,1.001,99.064,25.15,-31.589542,116.783028
GYRO: 24328,1,46.175,-0.608,2.507
24659,1,1.369,1.014,99.066,25.13,-31.589552,116.783035
GYRO: 24735,1,-20.695,-0.257,-1.477
25060,1,1.041,1.027,99.068,25.13,-31.589552,116.783035
GYRO: 25132,1,-107.031,-0.227,-6.088
25462,1,0.894,1.024,99.068,25.13,-31.589563,116.783035
GYRO: 25534,1,91.121,-2.105,5.286
25864,1,0.984,1.023,99.068,25.14,-31.589563,116.783035
GYRO: 25936,1,127.702,-1.830,6.843
26265,1,1.260,1.027,99.068,25.16,-31.589563,116.783035
GYRO: 26337,1,77.274,0.002,3.820
26668,1,1.864,1.023,99.066,25.15,-31.589573,116.783035
GYRO: 26739,1,-15.504,-0.013,-1.218
27070,1,1.399,1.014,99.067,25.16,-31.589573,116.783035
GYRO: 27142,1,-2.222,-0.669,-0.103
27471,1,1.220,1.047,99.068,25.16,-31.589573,116.783043
GYRO: 27543,1,0.526,0.109,-0.989
27873,1,1.082,0.986,99.066,25.15,-31.589573,116.783043
GYRO: 27950,1,16.923,-0.410,0.736
28275,1,1.306,1.013,99.068,25.14,-31.589573,116.783043
GYRO: 28346,1,24.099,1.880,0.782
28677,1,1.310,1.041,99.066,25.14,-31.589567,116.783043
GYRO: 28748,1,10.511,-0.639,0.553
29079,1,1.033,1.022,99.067,25.15,-31.589567,116.783043
GYRO: 29156,1,15.335,0.247,0.843
29481,1,1.370,1.023,99.067,25.14,-31.589573,116.783043
GYRO: 29553,1,13.870,-1.433,1.210
29882,1,1.213,1.018,99.068,25.14,-31.589573,116.783043
GYRO: 29954,1,23.870,-0.074,1.484
30284,1,1.073,1.014,99.066,25.14,-31.589573,116.783043
GYRO: 30355,1,3.473,0.048,-0.119
30685,1,1.326,1.016,99.065,25.15,-31.589577,116.783043
GYRO: 30757,1,18.816,-1.082,0.767
31086,1,1.340,1.028,99.066,25.16,-31.589577,116.783043
GYRO: 31157,1,9.030,-0.028,0.278
31488,1,1.376,1.009,99.065,25.15,-31.589581,116.783043
GYRO: 31565,1,-6.787,-0.395,0.538
31890,1,1.206,1.024,99.067,25.15,-31.589581,116.783043
GYRO: 31962,1,7.442,-0.273,-0.317
32292,1,1.174,1.017,99.068,25.16,-31.589581,116.783043
GYRO: 32363,1,-7.520,-0.120,0.278
32693,1,1.365,1.019,99.062,25.14,-31.589565,116.783043
GYRO: 32764,1,47.289,-1.876,3.546
33094,1,1.420,1.043,99.065,25.16,-31.589565,116.783043
GYRO: 33166,1,8.053,0.964,0.920
33495,1,1.331,1.034,99.064,25.15,-31.589554,116.783043
GYRO: 33566,1,27.778,-0.395,1.469
33896,1,1.509,1.022,99.065,25.15,-31.589554,116.783043
GYRO: 33967,1,14.847,-0.059,0.431
34298,1,1.393,1.027,99.064,25.15,-31.589554,116.783043
GYRO: 34370,1,-4.985,-1.677,0.477
34699,1,1.291,1.040,99.059,25.14,-31.589548,116.783051
GYRO: 34771,1,4.007,-0.135,0.813
35100,1,1.394,1.003,99.067,25.15,-31.589548,116.783051
GYRO: 35171,1,16.557,-0.364,1.301
35501,1,1.268,1.030,99.063,25.16,-31.589546,116.783058
GYRO: 35572,1,2.862,-0.624,1.484
35902,1,1.442,1.044,99.065,25.15,-31.589546,116.783058
GYRO: 35979,1,5.641,-1.448,0.004
36303,1,1.766,1.036,99.061,25.16,-31.589546,116.783058
GYRO: 36375,1,6.007,-4.761,-0.454
36705,1,2.123,1.016,99.064,25.16,-31.589552,116.783066
GYRO: 36777,1,8.847,2.109,1.164
37107,1,1.354,1.035,99.066,25.16,-31.589552,116.783066
GYRO: 37179,1,5.839,-0.883,0.095
37508,1,1.380,1.021,99.067,25.16,-31.589554,116.783066
GYRO: 37579,1,13.488,0.369,0.599
37910,1,1.274,1.030,99.065,25.17,-31.589554,116.783066
GYRO: 38021,1,2.770,-2.395,-0.241
38311,1,1.424,1.026,99.065,25.16,-31.589554,116.783066
GYRO: 38382,1,-6.436,-0.669,-0.638
38712,1,1.243,1.028,99.064,25.16,-31.589548,116.783066
GYRO: 38784,1,-19.550,1.269,2.797
39113,1,1.351,0.995,99.064,25.16,-31.589548,116.783066
GYRO: 39185,1,-9.046,-2.975,0.752
39514,1,1.515,1.014,99.066,25.16,-31.589550,116.783058
GYRO: 39586,1,3.610,-1.143,0.523
39916,1,1.492,0.989,99.064,25.17,-31.589550,116.783058
GYRO: 39988,1,12.847,-0.639,-0.057
40319,1,1.697,1.020,99.068,25.16,-31.589550,116.783058
GYRO: 40396,1,8.465,-0.257,0.309
40720,1,1.234,1.022,99.067,25.16,-31.589544,116.783058
GYRO: 40795,1,9.656,-0.227,0.263
41122,1,1.122,0.994,99.071,25.18,-31.589544,116.783058
GYRO: 41194,1,-6.573,1.193,0.034
41524,1,1.137,1.061,99.067,25.17,-31.589554,116.783051
GYRO: 41596,1,25.442,1.361,2.431
41926,1,1.333,1.029,99.063,25.18,-31.589554,116.783051
GYRO: 41998,1,6.465,-0.120,0.492
42328,1,1.255,1.034,99.068,25.18,-31.589554,116.783051
GYRO: 42399,1,-76.253,-0.303,-3.935
42730,1,0.820,1.018,99.070,25.19,-31.589569,116.783012
GYRO: 42806,1,22.770,-0.044,1.271
43132,1,1.013,1.040,99.066,25.19,-31.589569,116.783012
GYRO: 43203,1,30.205,-0.334,1.744
43533,1,1.508,1.019,99.068,25.19,-31.589577,116.782982
GYRO: 43605,1,12.816,0.124,-0.027
43934,1,1.288,1.028,99.067,25.19,-31.589577,116.782982
GYRO: 44006,1,1.228,-0.135,-0.424
44336,1,1.090,1.025,99.067,25.20,-31.589577,116.782982
GYRO: 44408,1,34.358,-0.456,2.706
44737,1,1.105,1.028,99.068,25.21,-31.589567,116.782982
GYRO: 44808,1,22.282,-1.021,4.446
45139,1,1.202,1.025,99.067,25.20,-31.589567,116.782982
GYRO: 45211,1,4.984,0.201,0.645
45541,1,1.175,1.029,99.072,25.22,-31.589584,116.782990
GYRO: 45612,1,17.015,-0.089,0.614
45941,1,1.321,1.029,99.067,25.22,-31.589584,116.782990
GYRO: 46013,1,10.831,-0.059,0.477
46343,1,1.385,1.028,99.063,25.21,-31.589584,116.782990
GYRO: 46414,1,11.732,-0.013,0.477
46743,1,1.200,1.027,99.068,25.22,-31.589592,116.782997
GYRO: 46815,1,12.007,-0.318,0.721
47144,1,1.161,1.026,99.067,25.21,-31.589592,116.782997
GYRO: 47219,1,70.434,0.247,4.065
47545,1,1.171,1.013,99.067,25.21,-31.589600,116.783005
GYRO: 47616,1,-14.298,0.170,-0.912
47946,1,0.854,1.014,99.069,25.22,-31.589600,116.783005
GYRO: 48018,1,-17.016,-0.700,-0.790
48347,1,0.864,1.018,99.069,25.20,-31.589600,116.783005
GYRO: 48419,1,4.205,0.048,0.217
48748,1,1.152,1.027,99.071,25.21,-31.589584,116.783043
GYRO: 48819,1,-45.062,1.331,-2.592
49150,1,1.093,1.014,99.066,25.21,-31.589584,116.783043
GYRO: 49222,1,19.915,0.109,1.149
49553,1,1.099,1.064,99.066,25.20,-31.589581,116.783043
GYRO: 49629,1,39.854,-2.044,4.782
49953,1,1.289,1.026,99.051,25.10,-31.589581,116.783043
GYRO: 50025,1,22.984,-0.349,1.317
50354,1,1.072,1.011,99.066,25.17,-31.589581,116.783043
GYRO: 50425,1,-31.046,-0.715,-5.111
50756,1,1.132,1.028,99.067,25.14,-31.589569,116.783073
GYRO: 50827,1,33.137,3.437,1.866
51158,1,1.086,1.067,99.066,25.15,-31.589569,116.783073
GYRO: 51230,1,57.427,-1.051,-0.806
51560,1,1.103,0.982,99.069,25.16,-31.589563,116.783081
GYRO: 51631,1,8.496,0.659,-2.134
51961,1,1.041,1.091,99.068,25.16,-31.589563,116.783081
GYRO: 52033,1,6.816,-0.929,1.347
52362,1,1.347,1.024,99.064,25.15,-31.589563,116.783081
GYRO: 52433,1,21.274,1.224,1.179
52764,1,1.330,1.028,99.066,25.15,-31.589563,116.783089
GYRO: 52839,1,10.389,0.323,0.065
53165,1,1.316,1.026,99.069,25.17,-31.589563,116.783089
GYRO: 53237,1,8.694,-0.563,0.156
53567,1,1.243,1.028,99.067,25.16,-31.589561,116.783089
GYRO: 53639,1,14.175,-0.715,0.019
53968,1,1.347,1.031,99.065,25.16,-31.589561,116.783089
GYRO: 54046,1,123.976,-1.158,8.355
54370,1,1.383,1.032,99.064,25.15,-31.589561,116.783089
GYRO: 54442,1,24.068,-1.326,3.408
54771,1,1.631,0.997,99.063,25.14,-31.589556,116.783089
GYRO: 54842,1,1.549,1.102,-0.500
55172,1,1.569,1.057,99.066,25.14,-31.589556,116.783089
GYRO: 55244,1,22.160,0.903,2.065
55573,1,1.313,1.021,99.070,25.16,-31.589556,116.783096
GYRO: 55644,1,-11.489,0.002,-0.348
55975,1,1.455,1.023,99.064,25.15,-31.589556,116.783096
GYRO: 56047,1,19.381,-0.227,0.981
56377,1,1.359,1.017,99.068,25.15,-31.589556,116.783096
GYRO: 56453,1,5.412,0.033,0.278
56778,1,1.552,1.020,99.066,25.14,-31.589560,116.783089
GYRO: 56850,1,9.900,0.033,0.584
57180,1,1.212,1.015,99.063,25.14,-31.589560,116.783089
GYRO: 57252,1,5.839,0.109,-0.103
57582,1,1.261,1.130,99.066,25.14,-31.589560,116.783089
GYRO: 57654,1,3.228,-0.547,-0.225
57984,1,1.253,1.019,99.068,25.14,-31.589560,116.783089
GYRO: 58056,1,4.053,0.124,0.065
58385,1,1.209,1.022,99.068,25.15,-31.589560,116.783089
GYRO: 58456,1,5.931,0.124,0.507
58786,1,1.103,1.022,99.066,25.15,-31.589567,116.783096
GYRO: 58858,1,6.892,0.063,0.202
59188,1,1.118,1.025,99.066,25.15,-31.589567,116.783096
GYRO: 59260,1,8.786,0.109,0.416
59590,1,1.303,1.021,99.065,25.14,-31.589577,116.783104
GYRO: 59662,1,7.412,-0.181,0.462
59992,1,1.217,1.024,99.067,25.14,-31.589577,116.783104
GYRO: 60064,1,7.900,-0.105,0.736
60395,1,1.407,1.022,99.068,25.14,-31.589577,116.783104
GYRO: 60466,1,10.725,0.109,0.599
60795,1,1.241,1.021,99.067,25.14,-31.589586,116.783096
GYRO: 60871,1,7.824,-0.028,0.385
61196,1,1.065,1.022,99.072,25.15,-31.589586,116.783096
GYRO: 61268,1,9.091,0.018,0.507
61598,1,1.281,1.021,99.066,25.14,-31.589592,116.783104
GYRO: 61670,1,9.091,-0.196,-0.073
61999,1,1.129,1.020,99.068,25.14,-31.589592,116.783104
GYRO: 62071,1,8.801,-0.120,0.706
62401,1,1.087,1.021,99.069,25.15,-31.589592,116.783104
GYRO: 62473,1,8.877,0.063,0.568
62803,1,1.304,1.021,99.068,25.12,-31.589607,116.783104
GYRO: 62875,1,8.602,-0.379,0.126
63205,1,1.258,1.025,99.065,25.13,-31.589607,116.783104
GYRO: 63282,1,9.091,-0.105,0.385
63606,1,2.032,1.018,99.064,25.13,-31.589607,116.783104
GYRO: 63678,1,8.022,-1.189,0.446
64007,1,1.379,1.020,99.069,25.12,-31.589607,116.783104
GYRO: 64078,1,9.045,0.201,0.339
64409,1,1.267,1.014,99.066,25.10,-31.589607,116.783104
GYRO: 64481,1,16.480,-0.349,0.904
64810,1,1.140,1.015,99.070,25.11,-31.589603,116.783104
GYRO: 64881,1,12.984,-0.074,0.920
65212,1,1.201,1.025,99.066,25.08,-31.589603,116.783104
GYRO: 65286,1,10.511,-0.456,0.324
65614,1,1.127,1.024,99.067,25.06,-31.589596,116.783104
GYRO: 65686,1,8.404,-0.227,0.507
66016,1,1.112,1.015,99.067,25.05,-31.589596,116.783104
GYRO: 66088,1,12.419,0.155,0.797
66417,1,1.183,1.024,99.067,25.05,-31.589586,116.783112
GYRO: 66489,1,4.908,-0.349,0.126
66819,1,1.744,1.022,99.069,25.06,-31.589586,116.783112
GYRO: 66891,1,7.625,-0.166,0.095
67220,1,1.357,1.018,99.066,25.06,-31.589586,116.783112
GYRO: 67292,1,8.938,-0.044,0.431
67621,1,0.965,1.024,99.074,25.07,-31.589573,116.783112
GYRO: 67698,1,7.961,-0.135,0.553
68023,1,0.823,1.021,99.068,25.07,-31.589573,116.783112
GYRO: 68095,1,8.801,0.002,0.538
68424,1,1.137,1.021,99.067,25.06,-31.589565,116.783112
GYRO: 68496,1,11.671,0.018,0.736
68825,1,1.102,1.024,99.068,25.06,-31.589565,116.783112
GYRO: 68897,1,9.427,-0.135,0.401
69227,1,0.968,1.022,99.069,25.04,-31.589565,116.783112
GYRO: 69299,1,7.228,-0.242,0.355
69628,1,1.010,1.026,99.067,25.04,-31.589556,116.783112
GYRO: 69700,1,14.373,-0.257,0.446
70030,1,0.570,1.024,99.072,25.06,-31.589556,116.783112
GYRO: 70107,1,9.564,-0.578,0.355
70431,1,0.871,1.022,99.071,25.06,-31.589556,116.783112
GYRO: 70503,1,1.030,-0.273,-0.210
70834,1,0.640,1.024,99.071,25.04,-31.589556,116.783112
GYRO: 70905,1,8.572,-0.395,0.614
71235,1,0.782,1.024,99.068,25.02,-31.589556,116.783112
GYRO: 71307,1,9.992,0.002,0.523
71636,1,1.094,1.028,99.069,25.03,-31.589556,116.783112
GYRO: 71708,1,7.030,-0.211,0.172
72038,1,1.009,1.017,99.069,25.04,-31.589556,116.783112
GYRO: 72110,1,22.129,-0.150,1.255
72440,1,1.096,1.025,99.069,25.03,-31.589563,116.783112
GYRO: 72511,1,9.671,-0.044,0.233
72842,1,1.437,1.020,99.067,25.02,-31.589563,116.783112
GYRO: 72913,1,18.954,-0.074,1.652
73245,1,1.044,1.022,99.068,25.02,-31.589563,116.783112
GYRO: 73316,1,4.404,-0.028,0.156
73647,1,1.593,1.018,99.069,25.03,-31.589573,116.783112
GYRO: 73719,1,5.228,-0.196,0.141
74050,1,1.094,1.020,99.069,25.02,-31.589573,116.783112
GYRO: 74121,1,4.267,-0.242,0.217
74452,1,0.882,1.026,99.070,25.02,-31.589567,116.783112
GYRO: 74526,1,17.289,-0.028,0.691
74853,1,1.019,1.024,99.067,25.00,-31.589567,116.783112
GYRO: 74927,1,7.992,0.018,0.309
75255,1,1.011,1.027,99.065,24.97,-31.589567,116.783112
GYRO: 75330,1,2.053,-0.364,-0.042
75658,1,0.809,1.022,99.072,24.99,-31.589560,116.783119
GYRO: 75732,1,8.160,-0.242,0.339
76061,1,0.823,1.022,99.067,24.98,-31.589560,116.783119
GYRO: 76135,1,8.038,-0.120,0.233
76462,1,0.900,1.020,99.067,24.99,-31.589560,116.783119
GYRO: 76536,1,5.045,-0.425,0.049
76864,1,1.365,1.027,99.068,24.99,-31.589560,116.783119
GYRO: 76944,1,8.068,-0.334,0.080
77266,1,1.363,1.022,99.067,24.99,-31.589560,116.783119
GYRO: 77343,1,26.312,0.048,1.591
77668,1,1.040,1.026,99.070,24.98,-31.589560,116.783119
GYRO: 77742,1,24.801,-7.219,11.439
78071,1,1.337,1.093,99.067,24.99,-31.589560,116.783119
GYRO: 78145,1,5.396,1.605,-0.561
